gidro_num,identifier,dt,temp,temptype
3616,21813,1995-04-13,-10.9,Макс. температура
3616,21813,1995-04-27,-9.8,Макс. температура
3616,21813,1995-05-05,-20.5,Мин. температура
3616,21813,1995-05-19,-10.7,Мин. температура
3616,21813,1995-08-06,6.2,Мин. температура
3616,21813,1995-09-15,-2.3,Мин. температура
3616,21813,1995-10-05,-0.1,Макс. температура
3616,21813,1995-11-01,-22.1,Мин. температура
3616,21813,1995-11-02,-12.4,Макс. температура
3616,21813,1995-12-29,-21.4,Макс. температура
3616,21813,1996-02-04,-27.9,Макс. температура
3616,21813,1996-02-09,-18.6,Макс. температура
3616,21813,1996-04-09,-10.5,Макс. температура
3616,21813,1996-04-25,-19.6,Мин. температура
3616,21813,1996-05-31,-10.3,Мин. температура
3616,21813,1996-06-24,-0.5,Мин. температура
3616,21813,1996-06-25,2.9,Макс. температура
3616,21813,1996-07-07,17.4,Макс. температура
3616,21813,1996-08-03,24.2,Макс. температура
3616,21813,1996-08-31,-0.2,Мин. температура
3616,21813,1996-09-04,0.1,Мин. температура
3616,21813,1996-10-30,-35.3,Мин. температура
3616,21813,1996-12-13,-38.3,Мин. температура
3616,21813,1996-12-22,-47.4,Мин. температура
3616,21813,1997-07-28,13.6,Мин. температура
3616,21813,1997-10-05,-2.4,Макс. температура
3616,21813,1997-11-11,-19.0,Макс. температура
3616,21813,1998-01-03,-23.0,Макс. температура
3616,21813,1998-04-04,-28.9,Мин. температура
3616,21813,1998-05-17,-8.4,Макс. температура
3616,21813,1998-06-15,0.8,Мин. температура
3616,21813,1998-06-28,12.8,Макс. температура
3616,21813,1998-08-01,11.0,Макс. температура
3616,21813,1998-10-21,-21.0,Мин. температура
3616,21813,1998-10-29,-15.0,Макс. температура
3616,21813,1999-01-29,-31.2,Макс. температура
3616,21813,1999-02-23,-26.4,Макс. температура
3616,21813,1999-02-25,-45.9,Мин. температура
3616,21813,1999-03-27,-27.6,Мин. температура
3616,21813,1999-04-18,-22.2,Мин. температура
3616,21813,1999-06-03,-0.9,Мин. температура
3616,21813,1999-06-25,3.8,Мин. температура
3616,21813,1999-07-13,8.8,Мин. температура
3616,21813,1999-08-04,13.5,Макс. температура
3616,21813,1999-10-14,-19.0,Мин. температура
3616,21813,1999-11-17,-38.6,Мин. температура
3616,21813,1999-11-25,-16.4,Макс. температура
3616,21813,1999-12-06,-39.2,Макс. температура
3616,21813,1999-12-22,-11.5,Макс. температура
3616,21813,2000-01-05,-42.8,Мин. температура
3616,21813,2000-02-04,-13.6,Макс. температура
3616,21813,2000-03-02,-37.0,Макс. температура
3616,21813,2000-03-15,-20.5,Макс. температура
3616,21813,2000-04-21,-8.3,Макс. температура
3616,21813,2000-04-23,-1.6,Макс. температура
3616,21813,2000-04-26,2.1,Макс. температура
3616,21813,2000-05-15,-3.2,Макс. температура
3616,21813,2000-05-25,1.6,Мин. температура
3616,21813,2000-06-07,2.7,Мин. температура
3616,21813,2000-10-25,-21.7,Макс. температура
3616,21813,2000-11-02,-25.7,Макс. температура
3616,21813,2000-12-29,-33.9,Макс. температура
3616,21813,2001-02-02,-30.3,Мин. температура
3616,21813,2001-02-09,-39.0,Макс. температура
3616,21813,2001-04-12,-15.5,Макс. температура
3616,21813,2001-05-18,-4.8,Макс. температура
3616,21813,2001-05-20,-2.2,Макс. температура
3616,21813,2001-05-28,-6.8,Мин. температура
3616,21813,2001-07-11,13.0,Мин. температура
3616,21813,2001-07-12,13.0,Мин. температура
3616,21813,2001-07-17,18.0,Макс. температура
3616,21813,2001-07-20,9.7,Мин. температура
3616,21813,2001-09-20,-13.2,Мин. температура
3616,21813,2001-09-21,-3.2,Мин. температура
3616,21813,2001-10-14,-15.7,Мин. температура
3616,21813,2001-12-25,-41.9,Мин. температура
3616,21813,2002-01-08,-39.9,Макс. температура
3616,21813,2002-02-08,-42.6,Мин. температура
3616,21813,2002-02-17,-19.1,Макс. температура
3616,21813,2002-03-22,-14.4,Мин. температура
3616,21813,2002-04-19,-25.1,Мин. температура
3616,21813,2002-05-16,-18.5,Мин. температура
3616,21813,2002-05-20,-10.3,Мин. температура
3616,21813,2002-08-07,24.7,Макс. температура
3616,21813,2002-08-23,,Макс. температура
3616,21813,2002-10-26,-5.4,Макс. температура
3616,21813,2002-11-23,-25.7,Мин. температура
3616,21813,2002-12-27,-45.3,Мин. температура
3616,21813,2003-01-15,-42.8,Мин. температура
3616,21813,2003-02-23,-40.8,Мин. температура
3616,21813,2003-03-14,-12.0,Макс. температура
3616,21813,2003-03-26,-19.5,Мин. температура
3616,21813,2003-04-21,2.4,Макс. температура
3616,21813,2003-05-30,-3.5,Мин. температура
3616,21813,2003-07-28,4.3,Мин. температура
3616,21813,2003-09-15,-3.0,Мин. температура
3616,21813,2003-10-18,-17.4,Мин. температура
3616,21813,2003-10-26,-11.1,Макс. температура
3616,21813,2003-12-14,-43.4,Мин. температура
3616,21813,2003-12-25,,Макс. температура
3616,21813,2004-04-06,-23.5,Мин. температура
3616,21813,2004-05-13,5.2,Макс. температура
3616,21813,2004-06-13,3.4,Мин. температура
3616,21813,2004-06-18,,Мин. температура
3616,21813,2004-06-27,,Макс. температура
3616,21813,2004-07-12,2.2,Мин. температура
3616,21813,2004-08-19,,Макс. температура
3616,21813,2004-08-20,,Мин. температура
3616,21813,1995-04-07,-16.7,Макс. температура
3616,21813,1995-04-12,-14.2,Макс. температура
3616,21813,1995-05-28,-5.4,Мин. температура
3616,21813,1995-06-12,10.4,Макс. температура
3616,21813,1995-07-14,5.8,Мин. температура
3616,21813,1995-07-18,9.4,Мин. температура
3616,21813,1995-09-13,-5.0,Мин. температура
3616,21813,1995-12-27,-30.5,Мин. температура
3616,21813,1995-12-28,-22.9,Макс. температура
3616,21813,1995-12-30,-33.6,Мин. температура
3616,21813,1996-03-11,-33.4,Мин. температура
3616,21813,1996-05-14,-3.1,Макс. температура
3616,21813,1996-07-05,4.1,Мин. температура
3616,21813,1996-07-19,8.2,Мин. температура
3616,21813,1996-09-23,-3.9,Мин. температура
3616,21813,1996-10-24,-25.8,Мин. температура
3616,21813,1996-12-09,-41.3,Макс. температура
3616,21813,1997-01-25,-24.9,Макс. температура
3616,21813,1997-02-28,-44.0,Мин. температура
3616,21813,1997-10-16,-1.6,Макс. температура
3616,21813,1997-11-06,-32.4,Мин. температура
3616,21813,1997-12-04,-29.6,Макс. температура
3616,21813,1997-12-16,-40.3,Мин. температура
3616,21813,1998-03-08,-28.2,Мин. температура
3616,21813,1998-03-15,-43.1,Мин. температура
3616,21813,1998-03-21,-38.9,Мин. температура
3616,21813,1998-03-25,-24.9,Макс. температура
3616,21813,1998-04-19,-17.9,Мин. температура
3616,21813,1998-04-23,-30.3,Мин. температура
3616,21813,1998-05-13,-4.9,Макс. температура
3616,21813,1998-06-06,0.4,Макс. температура
3616,21813,1998-06-10,0.6,Мин. температура
3616,21813,1998-07-03,10.4,Мин. температура
3616,21813,1998-11-16,-21.0,Мин. температура
3616,21813,1998-11-18,-33.4,Мин. температура
3616,21813,1999-02-13,-30.2,Макс. температура
3616,21813,1999-02-22,-30.0,Мин. температура
3616,21813,1999-03-21,-35.8,Макс. температура
3616,21813,1999-03-27,-21.2,Макс. температура
3616,21813,1999-07-28,6.5,Мин. температура
3616,21813,1999-08-15,12.8,Макс. температура
3616,21813,1999-09-11,5.2,Макс. температура
3616,21813,1999-09-23,-8.5,Мин. температура
3616,21813,1999-10-01,-10.2,Макс. температура
3616,21813,1999-10-02,-21.5,Мин. температура
3616,21813,1999-11-14,-34.3,Мин. температура
3616,21813,2000-01-14,-48.4,Мин. температура
3616,21813,2000-02-01,-17.9,Макс. температура
3616,21813,2000-02-15,-39.5,Мин. температура
3616,21813,2000-04-18,-5.1,Макс. температура
3616,21813,2000-04-26,-11.1,Мин. температура
3616,21813,2000-06-10,-0.2,Мин. температура
3616,21813,2000-07-11,9.0,Макс. температура
3616,21813,2000-08-31,3.5,Мин. температура
3616,21813,2000-09-06,4.3,Макс. температура
3616,21813,2000-09-21,5.3,Макс. температура
3616,21813,2000-10-03,-6.6,Мин. температура
3616,21813,2000-10-09,-2.8,Макс. температура
3616,21813,2000-10-12,0.4,Макс. температура
3616,21813,2000-11-07,-33.5,Мин. температура
3616,21813,2000-11-11,-30.5,Макс. температура
3616,21813,2001-02-21,-47.5,Мин. температура
3616,21813,2001-02-22,-36.2,Макс. температура
3616,21813,2001-03-20,-32.0,Мин. температура
3616,21813,2001-03-30,-23.5,Макс. температура
3616,21813,2001-04-20,-27.5,Мин. температура
3616,21813,2001-05-06,0.4,Макс. температура
3616,21813,2001-06-06,9.0,Макс. температура
3616,21813,2001-06-29,29.1,Макс. температура
3616,21813,2001-07-06,22.3,Макс. температура
3616,21813,2001-07-13,7.7,Мин. температура
3616,21813,2001-07-26,24.3,Макс. температура
3616,21813,2001-08-03,20.6,Макс. температура
3616,21813,2001-08-07,10.7,Макс. температура
3616,21813,2001-08-12,0.2,Мин. температура
3616,21813,2001-08-13,15.1,Макс. температура
3616,21813,2001-09-02,4.5,Макс. температура
3616,21813,2001-09-04,-2.0,Макс. температура
3616,21813,2001-09-07,-4.0,Мин. температура
3616,21813,2001-10-15,-15.0,Мин. температура
3616,21813,2001-11-03,-13.3,Макс. температура
3616,21813,2001-11-14,-18.4,Мин. температура
3616,21813,2002-02-07,-42.6,Мин. температура
3616,21813,2002-03-10,-30.9,Мин. температура
3616,21813,2002-04-08,-26.5,Мин. температура
3616,21813,2002-04-30,-12.6,Макс. температура
3616,21813,2002-06-20,,Макс. температура
3616,21813,2002-07-19,,Макс. температура
3616,21813,2002-09-18,,Мин. температура
3616,21813,2002-10-29,-31.8,Мин. температура
3616,21813,2002-12-20,-47.5,Мин. температура
3616,21813,2003-05-13,4.0,Макс. температура
3616,21813,2003-05-31,0.0,Мин. температура
3616,21813,2003-08-16,10.5,Макс. температура
3616,21813,2003-08-22,3.4,Мин. температура
3616,21813,2003-08-26,2.4,Мин. температура
3616,21813,2003-09-02,14.5,Макс. температура
3616,21813,2003-09-28,-0.2,Мин. температура
3616,21813,2003-11-04,-34.3,Мин. температура
3616,21813,2003-11-14,-24.3,Макс. температура
3616,21813,2003-12-30,,Макс. температура
3616,21813,2004-01-23,-32.2,Макс. температура
3616,21813,2004-02-25,-44.5,Мин. температура
3616,21813,2004-02-26,-27.3,Макс. температура
3616,21813,2004-03-10,-20.0,Макс. температура
3616,21813,2004-05-14,0.9,Макс. температура
3616,21813,2004-06-22,,Мин. температура
3616,21813,2004-07-15,7.1,Макс. температура
3616,21813,2004-07-26,,Мин. температура
3616,21813,2004-08-02,3.0,Мин. температура
3616,21813,2004-08-11,10.0,Макс. температура
3616,21813,1995-06-18,18.6,Макс. температура
3616,21813,1995-08-19,16.1,Макс. температура
3616,21813,1995-09-08,0.6,Мин. температура
3616,21813,1995-09-26,-0.7,Макс. температура
3616,21813,1995-10-02,-1.0,Макс. температура
3616,21813,1995-10-14,-12.4,Мин. температура
3616,21813,1995-11-24,-29.3,Макс. температура
3616,21813,1995-12-19,-40.0,Мин. температура
3616,21813,1996-01-03,-42.3,Макс. температура
3616,21813,1996-01-04,-50.4,Мин. температура
3616,21813,1996-03-31,-22.7,Макс. температура
3616,21813,1996-04-22,-22.9,Мин. температура
3616,21813,1996-06-22,3.1,Макс. температура
3616,21813,1996-07-14,4.7,Мин. температура
3616,21813,1996-07-22,9.3,Макс. температура
3616,21813,1996-08-21,-1.0,Мин. температура
3616,21813,1996-09-13,-3.2,Мин. температура
3616,21813,1996-09-15,-1.3,Мин. температура
3616,21813,1996-10-05,-11.6,Макс. температура
3616,21813,1996-10-27,-15.4,Макс. температура
3616,21813,1996-11-04,-27.9,Мин. температура
3616,21813,1996-11-05,-27.8,Макс. температура
3616,21813,1996-11-14,-41.1,Мин. температура
3616,21813,1996-12-11,-48.6,Мин. температура
3616,21813,1996-12-21,-29.2,Макс. температура
3616,21813,1997-01-02,-31.3,Макс. температура
3616,21813,1997-01-29,-39.7,Мин. температура
3616,21813,1997-03-08,-27.0,Макс. температура
3616,21813,1997-03-18,-8.0,Макс. температура
3616,21813,1997-07-03,15.4,Мин. температура
3616,21813,1997-07-14,15.4,Мин. температура
3616,21813,1997-07-26,7.4,Мин. температура
3616,21813,1997-10-08,-10.4,Мин. температура
3616,21813,1997-12-05,-36.8,Мин. температура
3616,21813,1997-12-18,-42.8,Мин. температура
3616,21813,1998-02-18,-24.0,Макс. температура
3616,21813,1998-04-05,-29.1,Мин. температура
3616,21813,1998-04-20,-14.6,Макс. температура
3616,21813,1998-05-04,-21.5,Мин. температура
3616,21813,1998-05-31,-0.9,Макс. температура
3616,21813,1998-07-01,2.2,Мин. температура
3616,21813,1998-07-17,11.2,Макс. температура
3616,21813,1998-08-03,4.0,Мин. температура
3616,21813,1998-08-07,16.1,Макс. температура
3616,21813,1998-08-12,4.1,Мин. температура
3616,21813,1998-08-22,-0.8,Мин. температура
3616,21813,1998-11-18,-15.2,Макс. температура
3616,21813,1998-12-29,-33.8,Макс. температура
3616,21813,1999-02-02,-25.8,Мин. температура
3616,21813,1999-02-28,-30.6,Макс. температура
3616,21813,1999-03-16,-40.1,Макс. температура
3616,21813,1999-03-17,-47.5,Мин. температура
3616,21813,1999-03-23,-35.8,Макс. температура
3616,21813,1999-04-02,-17.0,Макс. температура
3616,21813,1999-05-06,-19.7,Мин. температура
3616,21813,1999-05-21,-2.3,Макс. температура
3616,21813,1999-06-14,5.8,Мин. температура
3616,21813,1999-07-05,9.8,Мин. температура
3616,21813,1999-09-10,7.5,Макс. температура
3616,21813,1999-12-25,-24.0,Мин. температура
3616,21813,2000-01-15,-35.7,Макс. температура
3616,21813,2000-01-16,-46.3,Мин. температура
3616,21813,2000-01-22,-50.5,Мин. температура
3616,21813,2000-02-23,-34.7,Мин. температура
3616,21813,2000-03-23,-23.5,Макс. температура
3616,21813,2000-06-13,8.9,Макс. температура
3616,21813,2000-06-27,9.1,Макс. температура
3616,21813,2000-07-26,12.9,Мин. температура
3616,21813,2000-08-21,2.1,Мин. температура
3616,21813,2000-10-21,-16.3,Макс. температура
3616,21813,2000-11-23,-23.5,Макс. температура
3616,21813,2000-12-07,-45.7,Мин. температура
3616,21813,2001-01-09,-28.5,Мин. температура
3616,21813,2001-01-16,-39.2,Мин. температура
3616,21813,2001-01-20,-29.0,Макс. температура
3616,21813,2001-02-23,-23.3,Макс. температура
3616,21813,2001-02-25,-40.9,Мин. температура
3616,21813,2001-03-26,-26.8,Макс. температура
3616,21813,2001-04-02,-11.6,Макс. температура
3616,21813,2001-05-19,-4.6,Макс. температура
3616,21813,2001-06-22,12.7,Макс. температура
3616,21813,2001-11-17,-22.3,Макс. температура
3616,21813,2001-12-17,-25.5,Мин. температура
3616,21813,2001-12-29,-39.7,Макс. температура
3616,21813,2002-01-28,-45.6,Мин. температура
3616,21813,2002-02-22,-26.7,Макс. температура
3616,21813,2002-02-23,-47.5,Мин. температура
3616,21813,2002-03-03,-30.5,Макс. температура
3616,21813,2002-04-04,-31.5,Мин. температура
3616,21813,2002-10-05,-5.0,Макс. температура
3616,21813,2002-11-06,-34.7,Мин. температура
3616,21813,2002-11-21,-25.6,Мин. температура
3616,21813,2002-11-28,-35.0,Мин. температура
3616,21813,2002-12-01,-43.1,Мин. температура
3616,21813,2002-12-04,-45.3,Мин. температура
3616,21813,2002-12-11,-36.4,Мин. температура
3616,21813,2003-01-26,-33.0,Мин. температура
3616,21813,2003-04-09,-15.3,Макс. температура
3616,21813,2003-04-23,-8.0,Мин. температура
3616,21813,2003-05-22,-8.3,Мин. температура
3616,21813,2003-06-16,1.4,Мин. температура
3616,21813,2003-06-29,14.1,Макс. температура
3616,21813,2003-08-05,23.1,Макс. температура
3616,21813,2003-09-18,9.7,Макс. температура
3616,21813,2004-02-12,-48.8,Макс. температура
3616,21813,2004-03-05,-32.2,Макс. температура
3616,21813,2004-06-25,,Мин. температура
3616,21813,2004-07-07,4.0,Мин. температура
3616,21813,2004-12-05,-46.2,Мин. температура
3616,21813,2004-12-19,,Макс. температура
3616,21813,1995-03-16,-33.7,Макс. температура
3616,21813,1995-05-04,-19.7,Мин. температура
3616,21813,1995-06-19,6.7,Мин. температура
3616,21813,1995-07-30,20.4,Макс. температура
3616,21813,1995-09-27,1.4,Макс. температура
3616,21813,1995-10-27,-6.6,Макс. температура
3616,21813,1995-11-20,-36.9,Мин. температура
3616,21813,1996-01-05,-46.6,Макс. температура
3616,21813,1996-01-08,-49.0,Мин. температура
3616,21813,1996-01-26,-29.2,Макс. температура
3616,21813,1996-03-20,-34.7,Мин. температура
3616,21813,1996-03-30,-28.8,Мин. температура
3616,21813,1996-04-05,-29.3,Мин. температура
3616,21813,1996-04-23,-28.9,Мин. температура
3616,21813,1996-05-15,-0.1,Макс. температура
3616,21813,1996-06-15,-0.4,Макс. температура
3616,21813,1996-07-11,6.4,Мин. температура
3616,21813,1996-08-07,12.0,Мин. температура
3616,21813,1996-09-05,-0.2,Мин. температура
3616,21813,1996-10-02,-1.1,Макс. температура
3616,21813,1997-03-10,-33.1,Макс. температура
3616,21813,1997-03-18,-16.0,Мин. температура
3616,21813,1997-07-04,15.1,Мин. температура
3616,21813,1997-10-26,-6.6,Мин. температура
3616,21813,1997-11-29,-46.8,Мин. температура
3616,21813,1997-12-05,-33.6,Макс. температура
3616,21813,1997-12-13,-23.7,Макс. температура
3616,21813,1998-01-23,-26.8,Макс. температура
3616,21813,1998-01-26,-38.3,Мин. температура
3616,21813,1998-02-19,-40.7,Мин. температура
3616,21813,1998-02-27,-40.1,Мин. температура
3616,21813,1998-04-11,-15.5,Макс. температура
3616,21813,1998-04-19,-13.5,Макс. температура
3616,21813,1998-07-13,11.2,Макс. температура
3616,21813,1998-07-24,23.9,Макс. температура
3616,21813,1998-08-01,9.0,Мин. температура
3616,21813,1998-09-09,7.4,Макс. температура
3616,21813,1998-09-23,-4.5,Мин. температура
3616,21813,1998-10-11,-14.2,Макс. температура
3616,21813,1998-11-06,-27.4,Макс. температура
3616,21813,1999-01-08,-46.4,Мин. температура
3616,21813,1999-01-13,-21.0,Макс. температура
3616,21813,1999-03-30,-24.3,Макс. температура
3616,21813,1999-04-14,-15.0,Мин. температура
3616,21813,1999-04-26,-7.3,Макс. температура
3616,21813,1999-07-06,7.5,Мин. температура
3616,21813,1999-07-09,11.0,Макс. температура
3616,21813,1999-07-20,8.0,Мин. температура
3616,21813,1999-08-07,2.3,Мин. температура
3616,21813,1999-08-10,8.8,Макс. температура
3616,21813,1999-08-14,4.8,Мин. температура
3616,21813,1999-11-23,-14.7,Макс. температура
3616,21813,1999-12-18,-28.3,Мин. температура
3616,21813,1999-12-31,-40.5,Мин. температура
3616,21813,2000-02-13,-40.0,Мин. температура
3616,21813,2000-03-30,-20.0,Мин. температура
3616,21813,2000-04-15,-6.4,Макс. температура
3616,21813,2000-04-16,-24.0,Мин. температура
3616,21813,2000-04-29,-17.5,Мин. температура
3616,21813,2000-05-30,15.7,Макс. температура
3616,21813,2000-06-01,8.7,Макс. температура
3616,21813,2000-06-22,7.0,Макс. температура
3616,21813,2000-07-13,3.0,Мин. температура
3616,21813,2000-07-15,17.5,Макс. температура
3616,21813,2000-07-18,22.7,Макс. температура
3616,21813,2000-10-18,-21.2,Мин. температура
3616,21813,2000-10-19,-9.2,Макс. температура
3616,21813,2000-10-30,-21.2,Макс. температура
3616,21813,2001-01-03,-45.0,Макс. температура
3616,21813,2001-01-05,-45.8,Мин. температура
3616,21813,2001-04-22,-24.4,Мин. температура
3616,21813,2001-06-06,-4.0,Мин. температура
3616,21813,2001-06-11,2.4,Мин. температура
3616,21813,2001-07-09,20.9,Макс. температура
3616,21813,2001-07-15,9.0,Мин. температура
3616,21813,2001-07-16,5.7,Мин. температура
3616,21813,2001-08-21,4.5,Макс. температура
3616,21813,2001-09-18,-5.6,Мин. температура
3616,21813,2001-10-18,-19.0,Мин. температура
3616,21813,2001-11-14,-12.6,Макс. температура
3616,21813,2001-12-01,-12.0,Макс. температура
3616,21813,2002-01-28,-36.9,Макс. температура
3616,21813,2002-02-09,-48.8,Мин. температура
3616,21813,2002-03-26,-17.6,Макс. температура
3616,21813,2002-04-01,-28.6,Мин. температура
3616,21813,2002-04-02,-28.9,Мин. температура
3616,21813,2002-04-16,-31.2,Мин. температура
3616,21813,2002-06-03,-1.4,Мин. температура
3616,21813,2002-06-26,,Макс. температура
3616,21813,2002-07-07,24.7,Макс. температура
3616,21813,2002-08-16,4.2,Мин. температура
3616,21813,2002-09-04,0.1,Мин. температура
3616,21813,2002-11-13,-21.4,Макс. температура
3616,21813,2002-11-25,-28.4,Мин. температура
3616,21813,2002-12-21,-42.8,Макс. температура
3616,21813,2003-02-10,-33.0,Макс. температура
3616,21813,2003-04-07,-10.2,Макс. температура
3616,21813,2003-06-13,7.0,Макс. температура
3616,21813,2003-06-18,-0.6,Мин. температура
3616,21813,2003-06-29,6.0,Мин. температура
3616,21813,2003-07-09,17.1,Макс. температура
3616,21813,2003-08-11,9.1,Макс. температура
3616,21813,2003-09-03,15.3,Макс. температура
3616,21813,2003-09-13,-3.1,Мин. температура
3616,21813,2003-09-30,-3.0,Мин. температура
3616,21813,2003-11-01,-25.2,Макс. температура
3616,21813,2003-12-07,-15.5,Макс. температура
3616,21813,2003-12-10,-20.2,Макс. температура
3616,21813,2004-01-10,-27.5,Макс. температура
3616,21813,2004-04-14,-7.3,Макс. температура
3616,21813,2004-05-15,0.7,Макс. температура
3616,21813,2004-06-01,-7.2,Мин. температура
3616,21813,2004-06-15,2.0,Мин. температура
3616,21813,2004-06-25,,Макс. температура
3616,21813,2004-08-17,-1.2,Мин. температура
3616,21813,2004-09-09,-2.0,Мин. температура
3616,21813,2004-09-12,3.2,Мин. температура
3616,21813,2004-09-24,0.2,Макс. температура
3616,21813,2004-10-27,,Мин. температура
3616,21813,1995-03-15,-32.6,Макс. температура
3616,21813,1995-03-20,-27.5,Макс. температура
3616,21813,1995-04-12,-24.6,Мин. температура
3616,21813,1995-04-14,-11.3,Макс. температура
3616,21813,1995-04-19,-10.0,Макс. температура
3616,21813,1995-04-21,-23.7,Мин. температура
3616,21813,1995-05-06,-14.4,Мин. температура
3616,21813,1995-07-11,8.3,Макс. температура
3616,21813,1995-09-24,-3.7,Мин. температура
3616,21813,1995-10-06,-10.1,Мин. температура
3616,21813,1995-12-12,-37.6,Мин. температура
3616,21813,1995-12-22,-37.6,Макс. температура
3616,21813,1995-12-26,-24.1,Макс. температура
3616,21813,1996-01-29,-45.7,Мин. температура
3616,21813,1996-01-30,-36.2,Мин. температура
3616,21813,1996-02-08,-42.1,Мин. температура
3616,21813,1996-02-24,-8.5,Макс. температура
3616,21813,1996-04-20,-2.3,Макс. температура
3616,21813,1996-05-05,-13.4,Мин. температура
3616,21813,1996-05-24,-8.9,Мин. температура
3616,21813,1996-06-11,0.9,Макс. температура
3616,21813,1996-07-16,2.4,Мин. температура
3616,21813,1996-07-29,9.4,Макс. температура
3616,21813,1996-09-15,-0.2,Макс. температура
3616,21813,1996-10-09,-14.3,Мин. температура
3616,21813,1996-11-05,-34.7,Мин. температура
3616,21813,1996-11-14,-14.8,Макс. температура
3616,21813,1997-01-13,-31.8,Макс. температура
3616,21813,1997-01-17,-35.8,Макс. температура
3616,21813,1997-01-31,-27.5,Мин. температура
3616,21813,1997-02-25,-46.0,Мин. температура
3616,21813,1997-03-03,-45.4,Мин. температура
3616,21813,1997-07-22,10.0,Макс. температура
3616,21813,1997-07-23,6.4,Мин. температура
3616,21813,1997-10-22,-23.8,Мин. температура
3616,21813,1997-11-09,-33.6,Мин. температура
3616,21813,1998-02-15,-50.1,Мин. температура
3616,21813,1998-06-01,2.7,Макс. температура
3616,21813,1998-06-03,-0.2,Мин. температура
3616,21813,1998-06-18,5.6,Макс. температура
3616,21813,1998-06-19,7.8,Макс. температура
3616,21813,1998-07-20,11.8,Мин. температура
3616,21813,1998-10-02,-4.6,Макс. температура
3616,21813,1998-10-28,-32.7,Мин. температура
3616,21813,1998-12-14,-50.6,Мин. температура
3616,21813,1998-12-25,-32.8,Макс. температура
3616,21813,1999-02-23,-36.8,Мин. температура
3616,21813,1999-04-30,-14.0,Мин. температура
3616,21813,1999-05-28,-5.5,Мин. температура
3616,21813,1999-07-30,11.2,Макс. температура
3616,21813,1999-08-02,8.7,Мин. температура
3616,21813,1999-09-01,4.7,Мин. температура
3616,21813,1999-10-05,-11.0,Мин. температура
3616,21813,1999-12-13,-37.3,Макс. температура
3616,21813,2000-01-10,-47.8,Мин. температура
3616,21813,2000-01-23,-26.5,Макс. температура
3616,21813,2000-02-04,-23.3,Мин. температура
3616,21813,2000-02-14,-34.6,Макс. температура
3616,21813,2000-02-29,-33.4,Макс. температура
3616,21813,2000-03-25,-34.5,Мин. температура
3616,21813,2000-04-04,-27.6,Мин. температура
3616,21813,2000-04-06,-13.9,Макс. температура
3616,21813,2000-04-08,-22.1,Макс. температура
3616,21813,2000-05-14,0.6,Макс. температура
3616,21813,2000-06-14,0.9,Мин. температура
3616,21813,2000-09-11,-0.5,Мин. температура
3616,21813,2000-09-26,-6.4,Мин. температура
3616,21813,2000-10-24,-17.8,Макс. температура
3616,21813,2000-11-17,-30.1,Мин. температура
3616,21813,2001-02-07,-37.5,Макс. температура
3616,21813,2001-04-07,-33.5,Мин. температура
3616,21813,2001-04-11,-28.6,Мин. температура
3616,21813,2001-05-11,-12.0,Мин. температура
3616,21813,2001-05-20,-9.8,Мин. температура
3616,21813,2001-07-10,7.7,Мин. температура
3616,21813,2001-09-01,6.5,Макс. температура
3616,21813,2001-09-13,-6.4,Мин. температура
3616,21813,2001-09-25,-5.6,Мин. температура
3616,21813,2001-11-16,-22.8,Мин. температура
3616,21813,2001-11-25,-45.9,Мин. температура
3616,21813,2001-11-30,-10.5,Макс. температура
3616,21813,2001-12-31,-54.2,Мин. температура
3616,21813,2002-01-29,-51.3,Мин. температура
3616,21813,2002-01-30,-41.5,Макс. температура
3616,21813,2002-04-04,-18.6,Макс. температура
3616,21813,2002-05-15,-11.0,Макс. температура
3616,21813,2002-06-27,,Мин. температура
3616,21813,2002-08-20,,Мин. температура
3616,21813,2002-09-15,-0.3,Макс. температура
3616,21813,2002-10-16,-6.7,Макс. температура
3616,21813,2002-10-29,-20.0,Макс. температура
3616,21813,2002-11-25,-20.4,Макс. температура
3616,21813,2003-01-29,-32.5,Макс. температура
3616,21813,2003-02-27,-31.8,Мин. температура
3616,21813,2003-03-23,-26.5,Макс. температура
3616,21813,2003-03-27,-24.5,Мин. температура
3616,21813,2003-05-27,3.2,Макс. температура
3616,21813,2003-06-09,3.1,Мин. температура
3616,21813,2003-06-14,0.4,Мин. температура
3616,21813,2003-07-14,8.9,Мин. температура
3616,21813,2003-07-22,9.4,Мин. температура
3616,21813,2003-08-25,1.6,Мин. температура
3616,21813,2003-09-07,1.1,Мин. температура
3616,21813,2003-09-24,-2.0,Мин. температура
3616,21813,2003-10-10,-7.5,Мин. температура
3616,21813,2004-01-15,-34.6,Мин. температура
3616,21813,2004-02-26,-41.3,Мин. температура
3616,21813,2004-03-24,-20.4,Макс. температура
3616,21813,2004-06-08,-0.2,Мин. температура
3616,21813,2004-06-11,8.6,Макс. температура
3616,21813,2004-06-16,0.5,Мин. температура
3616,21813,2004-07-28,,Мин. температура
3616,21813,2004-09-18,1.0,Мин. температура
3616,21813,2004-10-08,-5.1,Макс. температура
3616,21813,2004-11-02,-24.2,Мин. температура
3616,21813,2004-11-29,,Мин. температура
3616,21813,2004-12-05,-35.1,Макс. температура
3616,21813,2004-12-23,,Мин. температура
3616,21813,1995-03-11,-35.2,Мин. температура
3616,21813,1995-04-02,-13.5,Макс. температура
3616,21813,1995-04-03,-29.7,Мин. температура
3616,21813,1995-04-28,-12.3,Макс. температура
3616,21813,1995-04-30,-11.8,Макс. температура
3616,21813,1995-06-08,14.4,Макс. температура
3616,21813,1995-08-16,7.3,Макс. температура
3616,21813,1995-09-02,8.8,Макс. температура
3616,21813,1995-09-09,-0.9,Мин. температура
3616,21813,1995-09-12,4.6,Макс. температура
3616,21813,1995-09-22,1.3,Макс. температура
3616,21813,1995-10-13,-6.2,Макс. температура
3616,21813,1995-11-06,-35.1,Мин. температура
3616,21813,1995-11-09,-18.5,Макс. температура
3616,21813,1995-11-12,-23.0,Макс. температура
3616,21813,1995-12-16,-27.1,Мин. температура
3616,21813,1996-01-14,-50.6,Мин. температура
3616,21813,1996-03-25,-27.6,Мин. температура
3616,21813,1996-04-09,-29.6,Мин. температура
3616,21813,1996-04-29,-25.4,Мин. температура
3616,21813,1996-05-15,-11.9,Мин. температура
3616,21813,1996-05-31,0.9,Макс. температура
3616,21813,1996-06-14,2.9,Макс. температура
3616,21813,1996-06-28,9.1,Макс. температура
3616,21813,1996-08-27,3.0,Мин. температура
3616,21813,1996-10-07,-26.3,Мин. температура
3616,21813,1996-10-21,-21.3,Мин. температура
3616,21813,1996-12-05,-35.1,Мин. температура
3616,21813,1997-07-02,12.4,Мин. температура
3616,21813,1997-07-04,19.9,Макс. температура
3616,21813,1997-07-10,12.1,Мин. температура
3616,21813,1997-07-12,24.0,Макс. температура
3616,21813,1997-07-18,15.6,Макс. температура
3616,21813,1997-07-24,12.5,Макс. температура
3616,21813,1997-07-29,22.4,Макс. температура
3616,21813,1997-10-12,-4.8,Мин. температура
3616,21813,1997-10-18,-17.9,Мин. температура
3616,21813,1997-10-24,-7.2,Макс. температура
3616,21813,1997-10-27,-12.2,Мин. температура
3616,21813,1997-10-30,-11.8,Мин. температура
3616,21813,1997-11-03,-14.3,Макс. температура
3616,21813,1997-11-21,-38.0,Макс. температура
3616,21813,1997-11-21,-43.6,Мин. температура
3616,21813,1997-12-07,-30.9,Макс. температура
3616,21813,1998-01-17,-30.1,Макс. температура
3616,21813,1998-01-23,-37.0,Мин. температура
3616,21813,1998-02-17,-51.1,Мин. температура
3616,21813,1998-02-23,-32.7,Мин. температура
3616,21813,1998-04-03,-18.0,Макс. температура
3616,21813,1998-04-12,-25.1,Мин. температура
3616,21813,1998-04-28,-15.4,Мин. температура
3616,21813,1998-05-03,-20.2,Мин. температура
3616,21813,1998-05-07,-24.5,Мин. температура
3616,21813,1998-05-25,-1.6,Мин. температура
3616,21813,1998-06-16,5.7,Макс. температура
3616,21813,1998-06-30,5.8,Макс. температура
3616,21813,1998-07-01,14.6,Макс. температура
3616,21813,1998-07-19,5.5,Мин. температура
3616,21813,1998-10-01,-14.4,Мин. температура
3616,21813,1998-10-03,-6.0,Макс. температура
3616,21813,1998-10-14,-22.8,Мин. температура
3616,21813,1998-11-08,-20.5,Макс. температура
3616,21813,1998-11-29,-43.9,Макс. температура
3616,21813,1998-12-28,-34.6,Мин. температура
3616,21813,1999-01-01,-45.5,Мин. температура
3616,21813,1999-01-03,-45.0,Макс. температура
3616,21813,1999-01-14,-8.8,Макс. температура
3616,21813,1999-01-19,-41.0,Макс. температура
3616,21813,1999-01-29,-46.6,Мин. температура
3616,21813,1999-03-04,-35.7,Мин. температура
3616,21813,1999-04-04,-12.0,Макс. температура
3616,21813,1999-04-08,-24.0,Мин. температура
3616,21813,1999-05-19,-7.8,Мин. температура
3616,21813,1999-05-31,-2.5,Макс. температура
3616,21813,1999-07-06,9.8,Макс. температура
3616,21813,1999-07-11,14.5,Макс. температура
3616,21813,1999-07-17,9.0,Мин. температура
3616,21813,1999-08-05,5.5,Мин. температура
3616,21813,1999-08-21,13.6,Макс. температура
3616,21813,1999-08-29,21.0,Макс. температура
3616,21813,1999-09-25,-5.4,Мин. температура
3616,21813,1999-10-11,-12.4,Макс. температура
3616,21813,1999-11-27,-37.0,Мин. температура
3616,21813,1999-11-28,-36.5,Мин. температура
3616,21813,1999-12-05,-42.7,Мин. температура
3616,21813,2000-01-19,-49.5,Макс. температура
3616,21813,2000-02-13,-37.4,Макс. температура
3616,21813,2000-05-19,4.5,Макс. температура
3616,21813,2000-07-12,8.2,Макс. температура
3616,21813,2000-07-30,8.5,Мин. температура
3616,21813,2000-08-28,2.4,Мин. температура
3616,21813,2000-09-02,3.8,Макс. температура
3616,21813,2000-09-15,1.1,Макс. температура
3616,21813,2000-12-31,-47.0,Мин. температура
3616,21813,2001-01-08,-23.7,Макс. температура
3616,21813,2001-01-15,-41.1,Мин. температура
3616,21813,2001-02-11,-44.5,Мин. температура
3616,21813,2001-02-28,-21.0,Макс. температура
3616,21813,2001-03-23,-41.4,Мин. температура
3616,21813,2001-03-25,-27.1,Мин. температура
3616,21813,2001-04-30,-15.5,Мин. температура
3616,21813,2001-07-01,17.3,Мин. температура
3616,21813,2001-08-11,5.1,Макс. температура
3616,21813,2001-08-26,5.3,Макс. температура
3616,21813,2001-08-31,-3.7,Мин. температура
3616,21813,2001-10-07,-13.2,Мин. температура
3616,21813,2001-11-23,-34.5,Макс. температура
3616,21813,2001-12-04,-44.0,Макс. температура
3616,21813,2001-12-04,-46.6,Мин. температура
3616,21813,2002-01-13,-34.4,Макс. температура
3616,21813,2002-01-17,-27.5,Макс. температура
3616,21813,2002-04-15,-16.6,Макс. температура
3616,21813,2002-06-08,16.7,Макс. температура
3616,21813,2002-06-15,18.6,Макс. температура
3616,21813,2002-06-30,,Макс. температура
3616,21813,2002-07-28,,Мин. температура
3616,21813,2002-07-29,,Макс. температура
3616,21813,2002-09-25,,Макс. температура
3616,21813,2002-11-04,-21.6,Макс. температура
3616,21813,1995-04-14,-23.5,Мин. температура
3616,21813,1995-05-17,-6.6,Мин. температура
3616,21813,1995-05-31,-2.0,Мин. температура
3616,21813,1995-07-01,24.1,Макс. температура
3616,21813,1995-10-29,-8.0,Макс. температура
3616,21813,1995-11-27,-41.1,Мин. температура
3616,21813,1996-01-06,-43.2,Макс. температура
3616,21813,1996-01-07,-36.7,Макс. температура
3616,21813,1996-01-22,-29.6,Макс. температура
3616,21813,1996-03-03,-45.8,Макс. температура
3616,21813,1996-03-13,-31.9,Макс. температура
3616,21813,1996-03-17,-22.4,Макс. температура
3616,21813,1996-04-01,-33.1,Мин. температура
3616,21813,1996-04-02,-28.6,Мин. температура
3616,21813,1996-04-23,-10.2,Макс. температура
3616,21813,1996-05-27,-7.4,Макс. температура
3616,21813,1996-06-07,-3.4,Мин. температура
3616,21813,1996-06-20,4.2,Макс. температура
3616,21813,1996-06-21,-1.0,Мин. температура
3616,21813,1996-08-19,1.1,Мин. температура
3616,21813,1996-08-22,-2.2,Мин. температура
3616,21813,1996-11-03,-12.0,Макс. температура
3616,21813,1997-02-24,-41.7,Макс. температура
3616,21813,1997-03-15,-37.8,Мин. температура
3616,21813,1997-03-19,-10.5,Макс. температура
3616,21813,1997-03-26,-27.0,Макс. температура
3616,21813,1997-03-28,-37.0,Мин. температура
3616,21813,1997-11-12,-14.9,Макс. температура
3616,21813,1997-11-13,-38.1,Мин. температура
3616,21813,1997-12-14,-33.2,Мин. температура
3616,21813,1997-12-24,-41.1,Мин. температура
3616,21813,1998-02-20,-28.5,Макс. температура
3616,21813,1998-03-17,-26.0,Макс. температура
3616,21813,1998-03-28,-36.1,Мин. температура
3616,21813,1998-03-31,-23.0,Макс. температура
3616,21813,1998-04-02,-18.9,Макс. температура
3616,21813,1998-04-11,-25.2,Мин. температура
3616,21813,1998-05-16,-16.6,Мин. температура
3616,21813,1998-05-20,-11.7,Мин. температура
3616,21813,1998-05-22,-9.4,Мин. температура
3616,21813,1998-06-25,2.8,Мин. температура
3616,21813,1998-08-17,3.6,Мин. температура
3616,21813,1998-08-23,13.7,Макс. температура
3616,21813,1998-09-08,11.4,Макс. температура
3616,21813,1998-09-20,0.4,Макс. температура
3616,21813,1998-10-03,-18.4,Мин. температура
3616,21813,1998-10-11,-28.0,Мин. температура
3616,21813,1998-10-16,-23.6,Мин. температура
3616,21813,1998-10-22,-17.2,Мин. температура
3616,21813,1998-10-26,-13.2,Макс. температура
3616,21813,1999-02-09,-40.2,Макс. температура
3616,21813,1999-02-19,-12.8,Макс. температура
3616,21813,1999-02-24,-38.5,Мин. температура
3616,21813,1999-04-12,-33.5,Мин. температура
3616,21813,1999-04-17,-9.5,Макс. температура
3616,21813,1999-06-07,14.1,Макс. температура
3616,21813,1999-06-28,7.5,Мин. температура
3616,21813,1999-08-04,8.0,Мин. температура
3616,21813,1999-08-30,11.1,Мин. температура
3616,21813,1999-09-12,3.6,Макс. температура
3616,21813,1999-09-21,-6.0,Мин. температура
3616,21813,1999-09-27,-8.0,Мин. температура
3616,21813,1999-10-21,-10.0,Макс. температура
3616,21813,1999-12-13,-46.3,Мин. температура
3616,21813,2000-02-11,-35.0,Макс. температура
3616,21813,2000-02-24,-35.8,Мин. температура
3616,21813,2000-02-27,-48.7,Мин. температура
3616,21813,2000-04-01,-13.8,Макс. температура
3616,21813,2000-05-12,-14.7,Мин. температура
3616,21813,2000-05-20,6.1,Макс. температура
3616,21813,2000-08-17,1.1,Мин. температура
3616,21813,2000-08-27,15.2,Макс. температура
3616,21813,2000-09-21,-3.7,Мин. температура
3616,21813,2000-10-29,-30.1,Мин. температура
3616,21813,2000-11-08,-36.7,Мин. температура
3616,21813,2000-11-18,-25.0,Мин. температура
3616,21813,2001-03-18,-40.5,Мин. температура
3616,21813,2001-04-02,-38.6,Мин. температура
3616,21813,2001-04-14,-30.0,Мин. температура
3616,21813,2001-05-22,6.5,Макс. температура
3616,21813,2001-05-30,-2.8,Мин. температура
3616,21813,2001-06-09,15.9,Макс. температура
3616,21813,2001-08-07,3.4,Мин. температура
3616,21813,2001-08-19,6.1,Мин. температура
3616,21813,2001-08-29,6.9,Макс. температура
3616,21813,2001-09-23,2.8,Макс. температура
3616,21813,2001-10-13,-6.4,Макс. температура
3616,21813,2002-03-06,-20.6,Макс. температура
3616,21813,2002-07-10,14.4,Макс. температура
3616,21813,2002-08-12,15.5,Макс. температура
3616,21813,2002-08-14,-0.2,Мин. температура
3616,21813,2002-09-24,,Мин. температура
3616,21813,2002-09-28,,Макс. температура
3616,21813,2003-02-10,-42.8,Мин. температура
3616,21813,2003-04-13,-21.4,Мин. температура
3616,21813,2003-04-29,-22.5,Мин. температура
3616,21813,2003-05-24,-8.9,Мин. температура
3616,21813,2003-06-23,6.9,Макс. температура
3616,21813,2003-07-12,16.3,Макс. температура
3616,21813,2003-07-20,8.8,Мин. температура
3616,21813,2003-08-02,16.8,Макс. температура
3616,21813,2003-09-01,-3.8,Мин. температура
3616,21813,2003-09-22,1.6,Мин. температура
3616,21813,2003-10-05,-13.0,Мин. температура
3616,21813,2003-10-17,-9.8,Макс. температура
3616,21813,2004-02-03,-46.0,Мин. температура
3616,21813,2004-02-13,-46.6,Макс. температура
3616,21813,2004-03-10,-31.3,Мин. температура
3616,21813,2004-03-11,-20.4,Макс. температура
3616,21813,2004-03-14,-25.0,Макс. температура
3616,21813,2004-04-20,,Макс. температура
3616,21813,2004-05-14,-7.3,Мин. температура
3616,21813,2004-06-06,3.2,Макс. температура
3616,21813,2004-06-19,,Мин. температура
3616,21813,2004-07-07,15.6,Макс. температура
3616,21813,2004-08-14,-1.2,Мин. температура
3616,21813,2004-09-06,-2.8,Мин. температура
3616,21813,2004-09-29,-2.4,Макс. температура
3616,21813,2004-10-17,-36.8,Мин. температура
3616,21813,1995-04-01,-27.7,Мин. температура
3616,21813,1995-04-06,-11.9,Макс. температура
3616,21813,1995-06-07,1.9,Мин. температура
3616,21813,1995-08-15,1.7,Мин. температура
3616,21813,1995-08-24,8.2,Мин. температура
3616,21813,1995-09-20,4.2,Макс. температура
3616,21813,1995-09-27,-4.8,Мин. температура
3616,21813,1995-11-05,-36.0,Мин. температура
3616,21813,1995-12-05,-14.0,Макс. температура
3616,21813,1995-12-07,-24.4,Мин. температура
3616,21813,1995-12-18,-33.3,Мин. температура
3616,21813,1995-12-31,-37.2,Мин. температура
3616,21813,1996-02-02,-45.5,Мин. температура
3616,21813,1996-02-13,-47.0,Мин. температура
3616,21813,1996-04-03,-15.2,Макс. температура
3616,21813,1996-04-10,-7.9,Макс. температура
3616,21813,1996-05-11,0.2,Макс. температура
3616,21813,1996-07-03,5.3,Мин. температура
3616,21813,1996-07-18,13.8,Макс. температура
3616,21813,1996-09-08,0.1,Мин. температура
3616,21813,1996-10-12,-0.8,Мин. температура
3616,21813,1996-10-28,-28.8,Мин. температура
3616,21813,1996-11-06,-34.2,Мин. температура
3616,21813,1996-11-29,-35.6,Мин. температура
3616,21813,1996-12-10,-28.7,Макс. температура
3616,21813,1996-12-14,-41.4,Мин. температура
3616,21813,1996-12-21,-38.3,Мин. температура
3616,21813,1997-01-14,-31.9,Макс. температура
3616,21813,1997-01-22,-24.3,Макс. температура
3616,21813,1997-11-17,-42.3,Макс. температура
3616,21813,1997-12-04,-44.9,Мин. температура
3616,21813,1997-12-13,-31.3,Мин. температура
3616,21813,1998-01-16,-31.0,Макс. температура
3616,21813,1998-01-30,-37.0,Макс. температура
3616,21813,1998-02-13,-42.8,Макс. температура
3616,21813,1998-04-10,-26.5,Мин. температура
3616,21813,1998-05-14,-12.2,Мин. температура
3616,21813,1998-06-12,15.0,Макс. температура
3616,21813,1998-08-04,4.6,Мин. температура
3616,21813,1998-08-29,1.4,Мин. температура
3616,21813,1998-08-31,5.2,Макс. температура
3616,21813,1998-09-05,3.3,Мин. температура
3616,21813,1998-09-29,-10.3,Мин. температура
3616,21813,1998-11-06,-35.6,Мин. температура
3616,21813,1998-11-14,-8.8,Макс. температура
3616,21813,1998-11-26,-40.5,Мин. температура
3616,21813,1999-02-04,-31.6,Мин. температура
3616,21813,1999-02-18,-42.2,Мин. температура
3616,21813,1999-04-21,-24.5,Мин. температура
3616,21813,1999-05-17,3.5,Макс. температура
3616,21813,1999-07-19,14.8,Макс. температура
3616,21813,1999-07-31,20.1,Макс. температура
3616,21813,1999-08-10,3.3,Мин. температура
3616,21813,1999-09-21,4.4,Макс. температура
3616,21813,1999-10-04,-2.5,Макс. температура
3616,21813,1999-10-07,-13.0,Мин. температура
3616,21813,1999-10-15,-8.0,Макс. температура
3616,21813,1999-12-19,-23.6,Мин. температура
3616,21813,1999-12-24,-17.8,Макс. температура
3616,21813,1999-12-27,-30.5,Мин. температура
3616,21813,1999-12-29,-40.1,Мин. температура
3616,21813,2000-01-28,-27.7,Макс. температура
3616,21813,2000-02-23,-26.4,Макс. температура
3616,21813,2000-03-18,-21.2,Мин. температура
3616,21813,2000-03-29,-7.4,Макс. температура
3616,21813,2000-04-02,-32.1,Мин. температура
3616,21813,2000-05-15,-6.0,Мин. температура
3616,21813,2000-06-25,9.1,Макс. температура
3616,21813,2000-07-20,6.0,Мин. температура
3616,21813,2000-08-22,0.3,Мин. температура
3616,21813,2000-08-30,5.5,Мин. температура
3616,21813,2000-09-20,1.3,Макс. температура
3616,21813,2000-10-01,3.5,Макс. температура
3616,21813,2000-10-27,-28.6,Мин. температура
3616,21813,2000-11-01,-33.2,Мин. температура
3616,21813,2001-02-05,-34.3,Мин. температура
3616,21813,2001-02-08,-45.1,Мин. температура
3616,21813,2001-02-17,-36.4,Макс. температура
3616,21813,2001-02-26,-35.0,Макс. температура
3616,21813,2001-03-01,-32.9,Макс. температура
3616,21813,2001-03-20,-27.0,Макс. температура
3616,21813,2001-04-06,-24.6,Макс. температура
3616,21813,2001-04-14,-22.6,Макс. температура
3616,21813,2001-04-29,-5.5,Макс. температура
3616,21813,2001-08-21,1.8,Мин. температура
3616,21813,2001-11-08,-25.2,Мин. температура
3616,21813,2001-12-05,-46.5,Мин. температура
3616,21813,2002-01-06,-33.0,Макс. температура
3616,21813,2002-02-11,-52.5,Мин. температура
3616,21813,2002-03-24,-16.1,Макс. температура
3616,21813,2002-05-03,-9.3,Макс. температура
3616,21813,2002-05-11,-8.8,Макс. температура
3616,21813,2002-05-15,-15.6,Мин. температура
3616,21813,2002-08-17,1.5,Мин. температура
3616,21813,2002-11-23,-22.0,Макс. температура
3616,21813,2002-12-01,-42.1,Макс. температура
3616,21813,2002-12-08,-37.1,Мин. температура
3616,21813,2002-12-10,-20.8,Макс. температура
3616,21813,2002-12-13,-18.6,Макс. температура
3616,21813,2003-01-19,-41.5,Мин. температура
3616,21813,2003-03-28,-17.5,Мин. температура
3616,21813,2003-03-31,-16.0,Макс. температура
3616,21813,2003-05-06,-5.2,Макс. температура
3616,21813,2003-05-08,-11.4,Мин. температура
3616,21813,2003-05-20,-4.6,Макс. температура
3616,21813,2003-08-31,12.7,Макс. температура
3616,21813,2003-09-29,-4.6,Мин. температура
3616,21813,2003-10-13,-10.0,Мин. температура
3616,21813,2003-12-23,,Макс. температура
3616,21813,2004-02-11,-47.1,Макс. температура
3616,21813,2004-02-13,-51.8,Мин. температура
3616,21813,2004-03-01,-34.0,Мин. температура
3616,21813,2004-03-03,-35.0,Макс. температура
3616,21813,2004-03-17,-28.3,Макс. температура
3616,21813,2004-05-17,-2.8,Мин. температура
3616,21813,2004-07-31,,Макс. температура
3616,21813,2004-08-11,0.2,Мин. температура
3616,21813,2004-10-21,,Макс. температура
3616,21813,2004-10-26,,Мин. температура
3616,21813,1995-03-05,-16.6,Макс. температура
3616,21813,1995-03-28,-16.0,Макс. температура
3616,21813,1995-06-16,8.6,Мин. температура
3616,21813,1995-08-07,13.4,Макс. температура
3616,21813,1995-08-10,10.4,Макс. температура
3616,21813,1995-10-10,-6.0,Мин. температура
3616,21813,1995-10-16,-16.8,Мин. температура
3616,21813,1995-10-31,-30.9,Мин. температура
3616,21813,1996-03-27,-23.3,Макс. температура
3616,21813,1996-05-08,-10.9,Мин. температура
3616,21813,1996-06-19,1.2,Макс. температура
3616,21813,1996-07-06,4.4,Мин. температура
3616,21813,1996-07-12,6.2,Мин. температура
3616,21813,1996-07-30,14.6,Макс. температура
3616,21813,1996-09-01,-3.2,Мин. температура
3616,21813,1996-09-03,-2.2,Мин. температура
3616,21813,1996-09-30,-7.2,Макс. температура
3616,21813,1996-11-06,-24.5,Макс. температура
3616,21813,1996-11-21,-24.8,Мин. температура
3616,21813,1996-12-08,-38.2,Макс. температура
3616,21813,1996-12-29,-29.2,Макс. температура
3616,21813,1997-01-19,-46.4,Мин. температура
3616,21813,1997-01-28,-30.6,Макс. температура
3616,21813,1997-02-26,-38.3,Макс. температура
3616,21813,1997-03-08,-39.9,Мин. температура
3616,21813,1997-03-13,-30.2,Макс. температура
3616,21813,1997-07-07,7.4,Мин. температура
3616,21813,1998-03-09,-30.0,Мин. температура
3616,21813,1998-06-20,3.5,Мин. температура
3616,21813,1998-07-12,8.2,Мин. температура
3616,21813,1998-07-18,18.6,Макс. температура
3616,21813,1998-07-23,13.8,Макс. температура
3616,21813,1998-08-30,4.0,Макс. температура
3616,21813,1998-09-28,-11.8,Мин. температура
3616,21813,1998-10-17,-13.9,Макс. температура
3616,21813,1998-10-18,-13.3,Макс. температура
3616,21813,1998-10-18,-24.4,Мин. температура
3616,21813,1998-10-26,-27.4,Мин. температура
3616,21813,1998-12-09,-48.2,Мин. температура
3616,21813,1999-01-01,-37.3,Макс. температура
3616,21813,1999-01-31,-39.6,Мин. температура
3616,21813,1999-02-07,-34.0,Макс. температура
3616,21813,1999-03-08,-34.0,Мин. температура
3616,21813,1999-04-24,-9.0,Макс. температура
3616,21813,1999-05-01,-18.4,Мин. температура
3616,21813,1999-06-17,7.3,Мин. температура
3616,21813,1999-07-07,8.0,Мин. температура
3616,21813,1999-09-01,9.7,Макс. температура
3616,21813,1999-10-28,-19.5,Мин. температура
3616,21813,1999-11-26,-26.0,Макс. температура
3616,21813,2000-03-12,-29.2,Мин. температура
3616,21813,2000-04-11,-25.8,Мин. температура
3616,21813,2000-04-24,-15.5,Мин. температура
3616,21813,2000-06-01,3.2,Мин. температура
3616,21813,2000-06-02,14.0,Макс. температура
3616,21813,2000-06-11,-0.4,Мин. температура
3616,21813,2000-06-26,3.6,Мин. температура
3616,21813,2000-07-11,4.7,Мин. температура
3616,21813,2000-07-16,20.2,Макс. температура
3616,21813,2000-07-16,7.0,Мин. температура
3616,21813,2000-09-06,-1.6,Мин. температура
3616,21813,2000-10-05,-7.9,Мин. температура
3616,21813,2000-11-29,-40.5,Мин. температура
3616,21813,2001-01-18,-29.5,Мин. температура
3616,21813,2001-04-16,-26.0,Мин. температура
3616,21813,2001-05-09,0.0,Макс. температура
3616,21813,2001-06-24,17.0,Макс. температура
3616,21813,2001-06-30,15.6,Мин. температура
3616,21813,2001-08-02,11.5,Мин. температура
3616,21813,2001-10-12,-13.6,Мин. температура
3616,21813,2001-10-22,-16.8,Мин. температура
3616,21813,2001-11-09,-19.8,Мин. температура
3616,21813,2001-11-11,-28.2,Мин. температура
3616,21813,2001-11-22,-40.7,Мин. температура
3616,21813,2001-12-09,-31.6,Мин. температура
3616,21813,2001-12-19,-16.4,Макс. температура
3616,21813,2002-01-09,-46.2,Мин. температура
3616,21813,2002-03-14,-29.7,Мин. температура
3616,21813,2002-04-11,-26.5,Мин. температура
3616,21813,2002-04-14,-36.8,Мин. температура
3616,21813,2002-05-14,-8.4,Макс. температура
3616,21813,2002-05-17,-19.1,Мин. температура
3616,21813,2002-05-30,-3.2,Мин. температура
3616,21813,2002-06-01,9.0,Макс. температура
3616,21813,2002-07-07,13.6,Мин. температура
3616,21813,2002-07-09,19.9,Макс. температура
3616,21813,2002-08-18,,Макс. температура
3616,21813,2002-09-03,-1.0,Мин. температура
3616,21813,2002-09-09,-2.8,Мин. температура
3616,21813,2002-09-12,-16.6,Мин. температура
3616,21813,2002-11-16,-32.2,Мин. температура
3616,21813,2002-12-17,-31.7,Макс. температура
3616,21813,2002-12-23,-43.3,Мин. температура
3616,21813,2003-01-04,-24.4,Макс. температура
3616,21813,2003-01-06,-41.8,Мин. температура
3616,21813,2003-01-15,-33.5,Макс. температура
3616,21813,2003-01-31,-32.3,Мин. температура
3616,21813,2003-03-02,-27.8,Макс. температура
3616,21813,2003-03-03,-19.2,Макс. температура
3616,21813,2003-04-02,-33.3,Мин. температура
3616,21813,2003-04-06,-34.9,Мин. температура
3616,21813,2003-04-12,-17.5,Мин. температура
3616,21813,2003-05-15,-3.4,Макс. температура
3616,21813,2003-07-18,23.2,Макс. температура
3616,21813,2003-10-30,-24.7,Мин. температура
3616,21813,2003-11-08,-24.0,Мин. температура
3616,21813,2003-11-24,-21.3,Макс. температура
3616,21813,2003-11-26,-28.7,Мин. температура
3616,21813,2003-11-27,-19.3,Макс. температура
3616,21813,2004-01-04,-44.2,Макс. температура
3616,21813,2004-01-07,-33.2,Макс. температура
3616,21813,2004-02-06,-43.0,Макс. температура
3616,21813,2004-02-06,-49.8,Мин. температура
3616,21813,2004-02-08,-48.5,Макс. температура
3616,21813,2004-03-28,-39.3,Мин. температура
3616,21813,2004-04-16,-14.5,Мин. температура
3616,21813,2004-04-24,,Макс. температура
3616,21813,2004-05-20,,Макс. температура
3616,21813,2004-06-13,17.8,Макс. температура
3616,21813,1995-03-24,-12.0,Макс. температура
3616,21813,1995-05-24,-0.3,Макс. температура
3616,21813,1995-06-10,9.3,Макс. температура
3616,21813,1995-07-02,9.3,Мин. температура
3616,21813,1995-07-06,3.3,Мин. температура
3616,21813,1995-07-13,13.9,Макс. температура
3616,21813,1995-07-19,21.7,Макс. температура
3616,21813,1995-07-28,17.9,Макс. температура
3616,21813,1995-08-08,13.2,Макс. температура
3616,21813,1995-09-25,-6.2,Мин. температура
3616,21813,1995-10-19,-7.8,Макс. температура
3616,21813,1995-12-13,-34.9,Мин. температура
3616,21813,1996-01-24,-30.5,Макс. температура
3616,21813,1996-02-11,-33.1,Мин. температура
3616,21813,1996-03-14,-21.6,Макс. температура
3616,21813,1996-06-26,8.0,Макс. температура
3616,21813,1996-06-29,15.0,Макс. температура
3616,21813,1996-09-14,0.0,Мин. температура
3616,21813,1996-09-25,-5.8,Мин. температура
3616,21813,1996-11-27,-39.0,Мин. температура
3616,21813,1996-11-30,-29.4,Макс. температура
3616,21813,1997-07-01,24.9,Макс. температура
3616,21813,1997-07-07,15.9,Макс. температура
3616,21813,1997-10-15,-7.8,Мин. температура
3616,21813,1997-12-02,-30.2,Макс. температура
3616,21813,1997-12-30,-41.9,Мин. температура
3616,21813,1998-03-20,-19.3,Макс. температура
3616,21813,1998-04-03,-29.0,Мин. температура
3616,21813,1998-05-22,4.5,Макс. температура
3616,21813,1998-07-20,29.1,Макс. температура
3616,21813,1998-08-18,17.6,Макс. температура
3616,21813,1998-11-27,-32.0,Макс. температура
3616,21813,1998-11-29,-46.0,Мин. температура
3616,21813,1998-12-01,-25.4,Макс. температура
3616,21813,1998-12-27,-28.6,Макс. температура
3616,21813,1999-01-11,-38.3,Мин. температура
3616,21813,1999-02-20,-13.4,Макс. температура
3616,21813,1999-02-21,-40.0,Мин. температура
3616,21813,1999-03-03,-30.2,Мин. температура
3616,21813,1999-06-19,20.0,Макс. температура
3616,21813,1999-06-24,5.8,Мин. температура
3616,21813,1999-07-01,13.8,Макс. температура
3616,21813,1999-08-22,8.5,Мин. температура
3616,21813,1999-10-17,-21.4,Мин. температура
3616,21813,1999-11-29,-27.9,Макс. температура
3616,21813,1999-12-08,-43.5,Макс. температура
3616,21813,1999-12-14,-36.8,Макс. температура
3616,21813,2000-01-07,-42.4,Мин. температура
3616,21813,2000-05-02,-12.6,Макс. температура
3616,21813,2000-05-13,-12.9,Мин. температура
3616,21813,2000-05-26,2.8,Мин. температура
3616,21813,2000-06-19,17.2,Макс. температура
3616,21813,2000-07-19,9.3,Мин. температура
3616,21813,2000-08-11,12.3,Макс. температура
3616,21813,2000-09-18,-3.0,Мин. температура
3616,21813,2000-10-20,-27.8,Мин. температура
3616,21813,2000-11-19,-31.5,Мин. температура
3616,21813,2000-12-26,-22.0,Макс. температура
3616,21813,2001-04-13,-30.3,Мин. температура
3616,21813,2001-06-19,14.9,Макс. температура
3616,21813,2001-07-19,21.1,Макс. температура
3616,21813,2001-07-21,5.8,Мин. температура
3616,21813,2001-08-01,8.1,Мин. температура
3616,21813,2001-08-17,15.3,Макс. температура
3616,21813,2001-08-30,1.2,Мин. температура
3616,21813,2001-09-16,1.6,Макс. температура
3616,21813,2001-09-30,-2.1,Макс. температура
3616,21813,2001-10-25,-20.5,Мин. температура
3616,21813,2002-01-04,-28.8,Макс. температура
3616,21813,2002-02-13,-53.3,Мин. температура
3616,21813,2002-03-02,-23.5,Макс. температура
3616,21813,2002-03-26,-31.1,Мин. температура
3616,21813,2002-04-03,-18.7,Макс. температура
3616,21813,2002-04-23,-4.3,Макс. температура
3616,21813,2002-06-10,26.0,Макс. температура
3616,21813,2002-07-02,15.6,Макс. температура
3616,21813,2002-07-23,,Мин. температура
3616,21813,2002-08-12,2.3,Мин. температура
3616,21813,2002-08-15,14.5,Макс. температура
3616,21813,2002-08-20,,Макс. температура
3616,21813,2002-09-28,,Мин. температура
3616,21813,2002-09-30,,Мин. температура
3616,21813,2002-10-07,-0.8,Макс. температура
3616,21813,2002-10-28,-34.0,Мин. температура
3616,21813,2002-11-04,-26.0,Мин. температура
3616,21813,2002-11-19,-28.2,Мин. температура
3616,21813,2002-11-30,-25.2,Макс. температура
3616,21813,2002-12-11,-18.5,Макс. температура
3616,21813,2002-12-12,-33.2,Мин. температура
3616,21813,2003-01-24,-39.8,Мин. температура
3616,21813,2003-05-10,1.4,Макс. температура
3616,21813,2003-05-14,0.3,Макс. температура
3616,21813,2003-05-20,-8.0,Мин. температура
3616,21813,2003-06-10,4.9,Макс. температура
3616,21813,2003-08-13,4.5,Мин. температура
3616,21813,2003-09-17,1.0,Мин. температура
3616,21813,2003-10-21,-28.5,Мин. температура
3616,21813,2003-11-12,-25.2,Макс. температура
3616,21813,2003-12-11,-50.0,Мин. температура
3616,21813,2004-01-08,-48.2,Мин. температура
3616,21813,2004-01-11,-35.1,Мин. температура
3616,21813,2004-01-25,-28.1,Макс. температура
3616,21813,2004-01-29,-45.0,Мин. температура
3616,21813,2004-03-25,-32.8,Мин. температура
3616,21813,2004-04-10,-21.3,Мин. температура
3616,21813,2004-04-15,-23.0,Мин. температура
3616,21813,2004-04-29,,Макс. температура
3616,21813,2004-06-29,,Макс. температура
3616,21813,2004-08-06,5.2,Мин. температура
3616,21813,2004-10-06,-4.5,Макс. температура
3616,21813,2004-10-11,-18.7,Макс. температура
3616,21813,2004-12-02,-32.0,Макс. температура
3616,21813,1995-05-06,-7.9,Макс. температура
3616,21813,1995-05-25,1.0,Макс. температура
3616,21813,1995-08-08,5.8,Мин. температура
3616,21813,1995-08-22,7.2,Мин. температура
3616,21813,1995-08-23,21.3,Макс. температура
3616,21813,1995-08-28,17.0,Макс. температура
3616,21813,1995-09-06,7.4,Макс. температура
3616,21813,1995-10-19,-15.1,Мин. температура
3616,21813,1995-10-26,-8.9,Макс. температура
3616,21813,1995-11-14,-29.6,Макс. температура
3616,21813,1996-01-13,-44.6,Мин. температура
3616,21813,1996-03-24,-24.5,Макс. температура
3616,21813,1996-04-14,-9.1,Макс. температура
3616,21813,1996-04-14,-18.4,Мин. температура
3616,21813,1996-05-02,-23.4,Мин. температура
3616,21813,1996-07-02,14.9,Макс. температура
3616,21813,1996-07-07,3.7,Мин. температура
3616,21813,1996-08-15,10.9,Макс. температура
3616,21813,1996-09-12,-1.2,Мин. температура
3616,21813,1996-09-26,1.4,Макс. температура
3616,21813,1996-10-20,-15.5,Мин. температура
3616,21813,1996-10-26,-20.9,Макс. температура
3616,21813,1996-11-03,-24.5,Мин. температура
3616,21813,1996-11-07,-35.1,Макс. температура
3616,21813,1996-12-20,-52.0,Мин. температура
3616,21813,1996-12-26,-37.6,Макс. температура
3616,21813,1997-01-08,-48.0,Мин. температура
3616,21813,1997-01-18,-48.8,Мин. температура
3616,21813,1997-02-03,-21.2,Макс. температура
3616,21813,1997-03-14,-27.6,Макс. температура
3616,21813,1997-07-27,8.9,Мин. температура
3616,21813,1998-02-02,-39.3,Мин. температура
3616,21813,1998-03-20,-36.4,Мин. температура
3616,21813,1998-03-29,-36.7,Мин. температура
3616,21813,1998-04-18,-11.0,Макс. температура
3616,21813,1998-04-26,-17.1,Мин. температура
3616,21813,1998-05-15,-8.7,Макс. температура
3616,21813,1998-06-04,0.2,Мин. температура
3616,21813,1998-06-13,2.0,Мин. температура
3616,21813,1998-06-28,4.6,Мин. температура
3616,21813,1998-07-06,17.7,Макс. температура
3616,21813,1998-09-05,4.8,Макс. температура
3616,21813,1998-09-07,13.1,Макс. температура
3616,21813,1998-09-13,-0.4,Мин. температура
3616,21813,1998-11-04,-31.0,Макс. температура
3616,21813,1999-01-18,-46.0,Мин. температура
3616,21813,1999-01-22,-52.4,Макс. температура
3616,21813,1999-02-08,-32.5,Макс. температура
3616,21813,1999-04-22,-17.0,Макс. температура
3616,21813,1999-06-25,11.5,Макс. температура
3616,21813,1999-06-30,8.2,Мин. температура
3616,21813,1999-09-03,3.1,Мин. температура
3616,21813,1999-09-07,3.8,Мин. температура
3616,21813,1999-09-09,-1.4,Мин. температура
3616,21813,1999-09-27,-3.4,Макс. температура
3616,21813,1999-10-23,-20.6,Мин. температура
3616,21813,1999-11-16,-33.7,Макс. температура
3616,21813,1999-12-02,-41.0,Мин. температура
3616,21813,1999-12-15,-33.4,Макс. температура
3616,21813,1999-12-19,-11.4,Макс. температура
3616,21813,2000-01-18,-47.0,Макс. температура
3616,21813,2000-03-11,-39.0,Мин. температура
3616,21813,2000-04-20,-21.0,Мин. температура
3616,21813,2000-05-16,-3.5,Макс. температура
3616,21813,2000-08-15,1.6,Мин. температура
3616,21813,2000-08-16,1.4,Мин. температура
3616,21813,2000-09-07,2.5,Макс. температура
3616,21813,2000-09-13,2.2,Макс. температура
3616,21813,2000-09-16,-1.8,Мин. температура
3616,21813,2000-10-17,-9.3,Макс. температура
3616,21813,2000-12-21,-37.4,Мин. температура
3616,21813,2000-12-24,-25.6,Макс. температура
3616,21813,2000-12-26,-43.0,Мин. температура
3616,21813,2001-01-11,-33.1,Макс. температура
3616,21813,2001-02-01,-21.0,Макс. температура
3616,21813,2001-02-01,-26.1,Мин. температура
3616,21813,2001-02-27,-34.5,Макс. температура
3616,21813,2001-03-14,-17.0,Макс. температура
3616,21813,2001-07-08,4.2,Мин. температура
3616,21813,2001-09-16,-3.1,Мин. температура
3616,21813,2001-10-21,-12.4,Макс. температура
3616,21813,2002-02-16,-45.0,Мин. температура
3616,21813,2002-03-14,-11.0,Макс. температура
3616,21813,2002-04-08,-5.9,Макс. температура
3616,21813,2002-05-20,3.4,Макс. температура
3616,21813,2002-06-03,8.8,Макс. температура
3616,21813,2002-07-13,12.1,Мин. температура
3616,21813,2002-08-14,12.6,Макс. температура
3616,21813,2002-09-04,7.1,Макс. температура
3616,21813,2002-10-09,-4.5,Мин. температура
3616,21813,2002-11-05,-17.6,Макс. температура
3616,21813,2003-01-23,-32.0,Макс. температура
3616,21813,2003-02-11,-48.3,Мин. температура
3616,21813,2003-03-18,-34.0,Мин. температура
3616,21813,2003-03-21,-24.2,Мин. температура
3616,21813,2003-06-02,2.7,Макс. температура
3616,21813,2003-06-23,2.3,Мин. температура
3616,21813,2003-07-22,20.0,Макс. температура
3616,21813,2003-08-15,12.7,Макс. температура
3616,21813,2003-09-08,0.8,Мин. температура
3616,21813,2003-10-14,-12.0,Мин. температура
3616,21813,2003-11-28,-42.0,Мин. температура
3616,21813,2003-12-22,,Мин. температура
3616,21813,2003-12-29,,Макс. температура
3616,21813,2003-12-29,,Мин. температура
3616,21813,2004-02-23,-47.0,Мин. температура
3616,21813,2004-02-29,-25.0,Макс. температура
3616,21813,2004-04-27,,Мин. температура
3616,21813,2004-05-05,-15.4,Мин. температура
3616,21813,2004-06-17,,Мин. температура
3616,21813,2004-07-17,1.7,Мин. температура
3616,21813,2004-10-15,-36.3,Мин. температура
3616,21813,2004-12-11,-40.5,Мин. температура
3616,21813,2004-12-16,-44.2,Мин. температура
3616,21813,1995-03-10,-27.6,Макс. температура
3616,21813,1995-03-27,-12.0,Макс. температура
3616,21813,1995-04-05,-17.0,Макс. температура
3616,21813,1995-04-13,-18.5,Мин. температура
3616,21813,1995-04-29,-19.5,Мин. температура
3616,21813,1995-05-14,-5.3,Мин. температура
3616,21813,1995-07-09,10.3,Макс. температура
3616,21813,1995-07-24,9.9,Макс. температура
3616,21813,1995-08-17,8.0,Макс. температура
3616,21813,1995-08-30,6.6,Мин. температура
3616,21813,1995-11-09,-34.0,Мин. температура
3616,21813,1995-11-13,-21.1,Макс. температура
3616,21813,1995-11-26,-27.4,Макс. температура
3616,21813,1995-12-06,-15.2,Макс. температура
3616,21813,1995-12-06,-27.3,Мин. температура
3616,21813,1995-12-11,-25.0,Мин. температура
3616,21813,1995-12-23,-46.6,Мин. температура
3616,21813,1996-01-27,-34.7,Макс. температура
3616,21813,1996-02-03,-44.6,Мин. температура
3616,21813,1996-03-02,-50.9,Мин. температура
3616,21813,1996-03-06,-42.8,Макс. температура
3616,21813,1996-03-24,-27.9,Мин. температура
3616,21813,1996-04-21,-16.8,Мин. температура
3616,21813,1996-08-10,11.0,Макс. температура
3616,21813,1996-09-26,-8.2,Мин. температура
3616,21813,1996-09-27,0.9,Макс. температура
3616,21813,1996-10-08,-4.0,Макс. температура
3616,21813,1996-10-25,-29.1,Мин. температура
3616,21813,1996-11-17,-39.0,Мин. температура
3616,21813,1996-12-27,-30.4,Макс. температура
3616,21813,1998-01-01,-24.8,Макс. температура
3616,21813,1998-02-27,-14.9,Макс. температура
3616,21813,1998-03-13,-32.2,Макс. температура
3616,21813,1998-05-16,-6.9,Макс. температура
3616,21813,1998-05-30,-2.8,Макс. температура
3616,21813,1998-07-10,8.8,Макс. температура
3616,21813,1998-07-18,4.6,Мин. температура
3616,21813,1998-08-08,16.4,Макс. температура
3616,21813,1998-09-04,10.6,Макс. температура
3616,21813,1998-09-07,-0.4,Мин. температура
3616,21813,1998-09-23,-1.6,Макс. температура
3616,21813,1998-10-08,-28.6,Мин. температура
3616,21813,1998-10-09,-21.3,Макс. температура
3616,21813,1998-12-07,-41.7,Мин. температура
3616,21813,1998-12-20,-23.6,Макс. температура
3616,21813,1999-01-27,-37.0,Мин. температура
3616,21813,1999-03-07,-44.4,Мин. температура
3616,21813,1999-03-12,-25.6,Макс. температура
3616,21813,1999-03-14,-34.0,Макс. температура
3616,21813,1999-05-18,-5.8,Мин. температура
3616,21813,1999-05-22,3.9,Макс. температура
3616,21813,1999-08-12,5.3,Мин. температура
3616,21813,1999-08-20,14.8,Макс. температура
3616,21813,1999-08-20,4.6,Мин. температура
3616,21813,1999-09-04,8.4,Макс. температура
3616,21813,1999-09-20,-1.5,Мин. температура
3616,21813,1999-10-09,-9.0,Макс. температура
3616,21813,1999-10-22,-7.0,Макс. температура
3616,21813,2000-01-27,-22.1,Макс. температура
3616,21813,2000-04-19,-20.1,Мин. температура
3616,21813,2000-05-25,16.0,Макс. температура
3616,21813,2000-05-27,10.1,Макс. температура
3616,21813,2000-05-29,3.3,Макс. температура
3616,21813,2000-06-14,5.2,Макс. температура
3616,21813,2000-08-20,1.8,Мин. температура
3616,21813,2000-09-04,5.4,Макс. температура
3616,21813,2000-10-04,-2.7,Макс. температура
3616,21813,2000-11-26,-37.5,Мин. температура
3616,21813,2000-12-07,-41.0,Макс. температура
3616,21813,2001-02-05,-27.1,Макс. температура
3616,21813,2001-04-23,-15.1,Макс. температура
3616,21813,2001-06-14,9.3,Макс. температура
3616,21813,2001-07-27,10.2,Мин. температура
3616,21813,2001-08-08,6.5,Макс. температура
3616,21813,2001-08-16,21.2,Макс. температура
3616,21813,2001-09-05,-2.8,Мин. температура
3616,21813,2001-10-09,0.6,Макс. температура
3616,21813,2001-12-08,-22.0,Макс. температура
3616,21813,2001-12-27,-39.3,Макс. температура
3616,21813,2001-12-27,-45.1,Мин. температура
3616,21813,2002-01-10,-47.3,Мин. температура
3616,21813,2002-04-23,-34.6,Мин. температура
3616,21813,2002-06-23,,Мин. температура
3616,21813,2002-06-28,,Макс. температура
3616,21813,2002-07-06,23.0,Макс. температура
3616,21813,2002-07-20,,Макс. температура
3616,21813,2002-07-21,,Мин. температура
3616,21813,2002-08-27,,Макс. температура
3616,21813,2002-10-08,-2.7,Макс. температура
3616,21813,2002-10-18,-17.6,Мин. температура
3616,21813,2002-10-25,-6.4,Макс. температура
3616,21813,2003-01-22,-25.5,Макс. температура
3616,21813,2003-02-26,-20.5,Макс. температура
3616,21813,2003-03-28,-1.8,Макс. температура
3616,21813,2003-07-19,16.8,Макс. температура
3616,21813,2003-10-11,-7.8,Мин. температура
3616,21813,2003-10-24,-9.5,Макс. температура
3616,21813,2003-10-29,-13.9,Макс. температура
3616,21813,2003-12-02,-42.3,Мин. температура
3616,21813,2003-12-06,-22.0,Мин. температура
3616,21813,2003-12-21,,Макс. температура
3616,21813,2003-12-27,,Макс. температура
3616,21813,2003-12-31,,Макс. температура
3616,21813,2004-01-13,-42.5,Мин. температура
3616,21813,2004-01-30,-37.2,Макс. температура
3616,21813,2004-03-24,-41.2,Мин. температура
3616,21813,2004-05-11,-7.4,Мин. температура
3616,21813,2004-05-19,,Мин. температура
3616,21813,2004-06-12,12.2,Макс. температура
3616,21813,2004-08-04,21.6,Макс. температура
3616,21813,2004-09-23,0.2,Мин. температура
3616,21813,2004-09-25,-1.0,Макс. температура
3616,21813,2004-09-25,-6.2,Мин. температура
3616,21813,2004-12-23,,Макс. температура
3616,21813,2004-12-31,,Мин. температура
3616,21813,1995-03-02,-25.3,Макс. температура
3616,21813,1995-03-07,-41.3,Мин. температура
3616,21813,1995-03-24,-22.5,Мин. температура
3616,21813,1995-05-08,-12.3,Мин. температура
3616,21813,1995-05-20,-13.1,Мин. температура
3616,21813,1995-05-24,-8.5,Мин. температура
3616,21813,1995-05-26,5.0,Макс. температура
3616,21813,1995-08-06,11.7,Макс. температура
3616,21813,1995-08-31,5.4,Мин. температура
3616,21813,1995-09-19,4.1,Макс. температура
3616,21813,1995-10-21,0.6,Макс. температура
3616,21813,1995-11-22,-29.6,Макс. температура
3616,21813,1995-11-30,-26.3,Мин. температура
3616,21813,1995-12-14,-25.2,Макс. температура
3616,21813,1996-01-21,-31.5,Макс. температура
3616,21813,1996-02-27,-25.9,Макс. температура
3616,21813,1996-03-08,-32.0,Макс. температура
3616,21813,1996-05-04,-14.9,Мин. температура
3616,21813,1996-05-16,-8.7,Мин. температура
3616,21813,1996-06-02,-2.4,Мин. температура
3616,21813,1996-06-10,-5.7,Мин. температура
3616,21813,1996-07-04,27.8,Макс. температура
3616,21813,1996-07-21,11.0,Макс. температура
3616,21813,1996-11-12,-13.5,Макс. температура
3616,21813,1996-11-12,-22.4,Мин. температура
3616,21813,1996-11-18,-17.8,Макс. температура
3616,21813,1996-12-23,-47.1,Мин. температура
3616,21813,1996-12-28,-45.7,Мин. температура
3616,21813,1997-01-27,-35.0,Мин. температура
3616,21813,1997-02-21,-32.6,Макс. температура
3616,21813,1997-03-06,-28.4,Мин. температура
3616,21813,1997-03-31,-17.3,Макс. температура
3616,21813,1997-07-20,10.2,Макс. температура
3616,21813,1997-10-01,-3.0,Мин. температура
3616,21813,1998-01-18,-37.5,Мин. температура
3616,21813,1998-02-05,-26.0,Макс. температура
3616,21813,1998-02-26,-42.6,Мин. температура
3616,21813,1998-03-14,-43.2,Мин. температура
3616,21813,1998-06-20,5.6,Макс. температура
3616,21813,1998-07-15,3.6,Мин. температура
3616,21813,1998-08-25,4.0,Мин. температура
3616,21813,1998-10-13,-23.8,Мин. температура
3616,21813,1998-11-13,-22.9,Макс. температура
3616,21813,1998-11-22,-40.6,Мин. температура
3616,21813,1998-12-02,-18.5,Макс. температура
3616,21813,1999-01-12,-7.3,Макс. температура
3616,21813,1999-01-24,-51.9,Мин. температура
3616,21813,1999-02-06,-33.3,Макс. температура
3616,21813,1999-02-18,-14.1,Макс. температура
3616,21813,1999-03-04,-31.3,Макс. температура
3616,21813,1999-03-09,-22.8,Макс. температура
3616,21813,1999-04-06,-14.5,Макс. температура
3616,21813,1999-04-16,-20.1,Мин. температура
3616,21813,1999-04-19,-18.5,Макс. температура
3616,21813,1999-04-20,-18.1,Макс. температура
3616,21813,1999-05-09,-5.4,Мин. температура
3616,21813,1999-05-22,-8.3,Мин. температура
3616,21813,1999-05-23,1.2,Макс. температура
3616,21813,1999-06-11,9.3,Мин. температура
3616,21813,1999-08-01,7.2,Мин. температура
3616,21813,1999-09-16,2.2,Макс. температура
3616,21813,1999-10-11,-19.0,Мин. температура
3616,21813,1999-11-20,-12.3,Макс. температура
3616,21813,1999-12-15,-40.2,Мин. температура
3616,21813,2000-01-04,-40.5,Макс. температура
3616,21813,2000-02-19,-32.5,Макс. температура
3616,21813,2000-03-07,-36.5,Макс. температура
3616,21813,2000-04-02,-9.5,Макс. температура
3616,21813,2000-04-05,-6.0,Макс. температура
3616,21813,2000-05-03,-19.6,Мин. температура
3616,21813,2000-05-10,-3.6,Макс. температура
3616,21813,2000-05-10,-9.8,Мин. температура
3616,21813,2000-05-30,-2.7,Мин. температура
3616,21813,2000-06-25,2.8,Мин. температура
3616,21813,2000-06-30,7.0,Мин. температура
3616,21813,2000-07-23,4.0,Мин. температура
3616,21813,2000-09-19,2.1,Макс. температура
3616,21813,2000-10-23,-23.1,Мин. температура
3616,21813,2000-12-20,-42.9,Мин. температура
3616,21813,2001-02-04,-31.5,Мин. температура
3616,21813,2001-03-15,-27.8,Макс. температура
3616,21813,2001-05-08,2.9,Макс. температура
3616,21813,2001-06-05,3.8,Макс. температура
3616,21813,2001-06-23,13.8,Макс. температура
3616,21813,2001-09-07,-1.2,Макс. температура
3616,21813,2001-10-05,-5.6,Мин. температура
3616,21813,2001-11-01,-10.7,Макс. температура
3616,21813,2001-12-07,-21.6,Макс. температура
3616,21813,2001-12-30,-47.0,Макс. температура
3616,21813,2002-01-27,-41.6,Макс. температура
3616,21813,2002-04-26,-19.9,Мин. температура
3616,21813,2002-07-04,23.2,Макс. температура
3616,21813,2002-08-05,10.3,Мин. температура
3616,21813,2002-08-13,0.3,Мин. температура
3616,21813,2002-09-08,0.1,Макс. температура
3616,21813,2002-09-08,-4.6,Мин. температура
3616,21813,2002-10-16,-11.0,Мин. температура
3616,21813,2002-10-20,-13.2,Мин. температура
3616,21813,2002-10-22,-12.1,Макс. температура
3616,21813,2002-11-06,-22.0,Макс. температура
3616,21813,2003-04-20,-17.3,Мин. температура
3616,21813,2003-06-04,-1.0,Мин. температура
3616,21813,2003-08-05,9.1,Мин. температура
3616,21813,2003-08-08,15.7,Мин. температура
3616,21813,2003-08-27,2.4,Мин. температура
3616,21813,2003-09-13,4.8,Макс. температура
3616,21813,2003-09-18,1.2,Мин. температура
3616,21813,2003-11-16,-21.0,Макс. температура
3616,21813,2003-12-22,,Макс. температура
3616,21813,2003-12-30,,Мин. температура
3616,21813,2004-01-10,-44.4,Мин. температура
3616,21813,2004-01-17,-26.0,Макс. температура
3616,21813,2004-01-18,-39.6,Мин. температура
3616,21813,2004-01-20,-28.2,Макс. температура
3616,21813,2004-01-27,-44.0,Мин. температура
3616,21813,2004-02-21,-45.3,Мин. температура
3616,21813,2004-02-28,-31.0,Мин. температура
3616,21813,2004-03-26,-39.1,Мин. температура
3616,21813,2004-05-01,-17.1,Мин. температура
3616,21813,1995-05-04,-10.3,Макс. температура
3616,21813,1995-06-02,0.2,Мин. температура
3616,21813,1995-06-03,4.0,Мин. температура
3616,21813,1995-06-24,4.8,Мин. температура
3616,21813,1995-07-17,13.0,Мин. температура
3616,21813,1995-07-21,25.1,Макс. температура
3616,21813,1995-08-13,2.6,Мин. температура
3616,21813,1995-09-11,-1.8,Мин. температура
3616,21813,1995-10-07,-2.1,Макс. температура
3616,21813,1995-10-15,-9.6,Макс. температура
3616,21813,1995-10-30,-6.0,Макс. температура
3616,21813,1995-11-25,-24.9,Макс. температура
3616,21813,1995-12-08,-26.2,Мин. температура
3616,21813,1995-12-12,-30.1,Макс. температура
3616,21813,1996-01-04,-42.9,Макс. температура
3616,21813,1996-01-27,-45.4,Мин. температура
3616,21813,1996-02-14,-46.4,Мин. температура
3616,21813,1996-03-19,-35.3,Мин. температура
3616,21813,1996-03-25,-17.5,Макс. температура
3616,21813,1996-04-10,-25.3,Мин. температура
3616,21813,1996-04-25,-16.0,Макс. температура
3616,21813,1996-05-09,-18.3,Мин. температура
3616,21813,1996-07-11,12.8,Макс. температура
3616,21813,1996-09-20,-4.9,Макс. температура
3616,21813,1996-09-21,-2.1,Макс. температура
3616,21813,1996-11-21,-20.8,Макс. температура
3616,21813,1996-11-26,-36.6,Макс. температура
3616,21813,1996-12-12,-40.3,Мин. температура
3616,21813,1996-12-24,-48.6,Мин. температура
3616,21813,1997-01-25,-41.0,Мин. температура
3616,21813,1997-01-28,-43.7,Мин. температура
3616,21813,1997-02-11,-26.7,Макс. температура
3616,21813,1997-02-22,-43.3,Мин. температура
3616,21813,1997-02-23,-45.5,Мин. температура
3616,21813,1997-03-25,-26.4,Макс. температура
3616,21813,1997-10-02,-4.2,Мин. температура
3616,21813,1997-10-22,-11.5,Макс. температура
3616,21813,1997-10-25,-14.2,Мин. температура
3616,21813,1997-11-15,-41.7,Мин. температура
3616,21813,1997-12-09,-45.7,Мин. температура
3616,21813,1998-01-11,-34.4,Макс. температура
3616,21813,1998-01-19,-43.0,Мин. температура
3616,21813,1998-03-02,-37.0,Макс. температура
3616,21813,1998-06-22,9.8,Макс. температура
3616,21813,1998-07-31,11.8,Макс. температура
3616,21813,1998-08-07,6.8,Мин. температура
3616,21813,1998-09-14,0.6,Мин. температура
3616,21813,1998-09-25,-6.8,Мин. температура
3616,21813,1998-12-17,-49.0,Мин. температура
3616,21813,1999-01-03,-47.4,Мин. температура
3616,21813,1999-02-01,-31.0,Мин. температура
3616,21813,1999-02-17,-32.8,Макс. температура
3616,21813,1999-03-11,-37.5,Мин. температура
3616,21813,1999-03-30,-38.2,Мин. температура
3616,21813,1999-05-03,-5.0,Макс. температура
3616,21813,1999-05-27,2.0,Макс. температура
3616,21813,1999-07-23,10.3,Мин. температура
3616,21813,2000-01-17,-50.0,Мин. температура
3616,21813,2000-03-04,-37.8,Макс. температура
3616,21813,2000-04-10,-10.4,Макс. температура
3616,21813,2000-05-21,-1.6,Мин. температура
3616,21813,2000-05-24,4.1,Мин. температура
3616,21813,2000-06-03,1.6,Мин. температура
3616,21813,2000-06-15,3.4,Мин. температура
3616,21813,2000-06-21,1.3,Мин. температура
3616,21813,2000-09-14,0.6,Макс. температура
3616,21813,2000-11-03,-33.6,Мин. температура
3616,21813,2000-11-05,-21.0,Макс. температура
3616,21813,2000-11-20,-28.6,Мин. температура
3616,21813,2000-11-30,-26.7,Макс. температура
3616,21813,2000-12-02,-28.6,Макс. температура
3616,21813,2000-12-05,-47.1,Мин. температура
3616,21813,2000-12-28,-42.6,Мин. температура
3616,21813,2001-01-10,-38.4,Мин. температура
3616,21813,2001-01-28,-53.5,Мин. температура
3616,21813,2001-02-03,-26.2,Мин. температура
3616,21813,2001-03-05,-31.2,Макс. температура
3616,21813,2001-03-10,-40.0,Мин. температура
3616,21813,2001-03-31,-42.1,Мин. температура
3616,21813,2001-04-17,-17.5,Макс. температура
3616,21813,2001-04-29,-18.8,Мин. температура
3616,21813,2001-05-05,-15.6,Мин. температура
3616,21813,2001-05-14,-8.7,Мин. температура
3616,21813,2001-06-03,-1.7,Макс. температура
3616,21813,2001-06-13,8.0,Макс. температура
3616,21813,2001-06-18,13.4,Макс. температура
3616,21813,2001-07-27,21.3,Макс. температура
3616,21813,2001-08-20,4.3,Мин. температура
3616,21813,2001-08-31,10.3,Макс. температура
3616,21813,2001-09-29,-1.6,Макс. температура
3616,21813,2001-10-19,-15.4,Макс. температура
3616,21813,2002-01-19,-34.2,Макс. температура
3616,21813,2002-01-22,-18.7,Макс. температура
3616,21813,2002-01-26,-42.9,Макс. температура
3616,21813,2002-01-30,-49.1,Мин. температура
3616,21813,2002-02-02,-22.1,Макс. температура
3616,21813,2002-03-15,-26.7,Макс. температура
3616,21813,2002-06-19,,Макс. температура
3616,21813,2002-06-21,,Мин. температура
3616,21813,2002-07-17,9.5,Мин. температура
3616,21813,2002-07-25,,Мин. температура
3616,21813,2002-08-29,,Мин. температура
3616,21813,2002-09-09,-0.2,Макс. температура
3616,21813,2002-10-04,-19.6,Мин. температура
3616,21813,2002-10-11,-3.4,Макс. температура
3616,21813,2002-10-17,-7.4,Макс. температура
3616,21813,2002-11-17,-26.8,Мин. температура
3616,21813,2002-12-04,-34.0,Макс. температура
3616,21813,2003-01-08,-25.6,Макс. температура
3616,21813,2003-01-17,-45.0,Мин. температура
3616,21813,2003-02-02,-22.2,Макс. температура
3616,21813,2003-02-03,-36.5,Мин. температура
3616,21813,2003-02-09,-37.5,Макс. температура
3616,21813,2003-02-14,-26.0,Макс. температура
3616,21813,2003-03-04,-30.2,Мин. температура
3616,21813,2003-04-01,-7.2,Макс. температура
3616,21813,2003-04-16,-7.3,Макс. температура
3616,21813,2003-05-12,2.5,Макс. температура
3616,21813,2003-05-16,-8.0,Мин. температура
3616,21813,1995-03-18,-26.0,Макс. температура
3616,21813,1995-09-24,-1.4,Макс. температура
3616,21813,1995-09-28,2.2,Макс. температура
3616,21813,1995-10-20,-16.1,Мин. температура
3616,21813,1995-11-07,-29.6,Макс. температура
3616,21813,1996-01-11,-23.6,Макс. температура
3616,21813,1996-02-21,-21.6,Мин. температура
3616,21813,1996-04-04,-28.6,Мин. температура
3616,21813,1996-04-11,-3.1,Макс. температура
3616,21813,1996-04-19,-27.6,Мин. температура
3616,21813,1996-04-26,-15.4,Макс. температура
3616,21813,1996-05-19,-0.5,Мин. температура
3616,21813,1996-06-12,-6.0,Мин. температура
3616,21813,1996-07-04,10.1,Мин. температура
3616,21813,1996-07-24,1.2,Мин. температура
3616,21813,1996-08-17,8.8,Макс. температура
3616,21813,1996-08-25,6.7,Макс. температура
3616,21813,1996-10-03,-2.1,Макс. температура
3616,21813,1996-10-18,-0.9,Макс. температура
3616,21813,1996-10-31,-35.1,Мин. температура
3616,21813,1996-11-18,-28.0,Мин. температура
3616,21813,1997-01-03,-35.5,Макс. температура
3616,21813,1997-01-04,-26.4,Макс. температура
3616,21813,1997-01-11,-22.0,Макс. температура
3616,21813,1997-02-07,-25.0,Макс. температура
3616,21813,1997-03-04,-44.2,Мин. температура
3616,21813,1997-12-25,-33.1,Мин. температура
3616,21813,1998-01-08,-20.1,Макс. температура
3616,21813,1998-02-09,-44.0,Мин. температура
3616,21813,1998-03-13,-42.0,Мин. температура
3616,21813,1998-04-14,-10.1,Макс. температура
3616,21813,1998-04-20,-24.7,Мин. температура
3616,21813,1998-04-22,-19.8,Макс. температура
3616,21813,1998-05-28,-2.4,Мин. температура
3616,21813,1998-09-08,3.6,Мин. температура
3616,21813,1998-09-13,3.4,Макс. температура
3616,21813,1998-10-13,-16.2,Макс. температура
3616,21813,1998-11-08,-23.8,Мин. температура
3616,21813,1998-11-30,-45.4,Мин. температура
3616,21813,1998-12-09,-41.3,Макс. температура
3616,21813,1998-12-19,-35.8,Мин. температура
3616,21813,1999-02-01,-23.5,Макс. температура
3616,21813,1999-03-20,-38.5,Макс. температура
3616,21813,1999-05-13,-3.4,Макс. температура
3616,21813,1999-05-19,-1.5,Макс. температура
3616,21813,1999-07-18,8.2,Мин. температура
3616,21813,1999-07-21,8.6,Мин. температура
3616,21813,1999-07-24,16.2,Мин. температура
3616,21813,1999-07-31,5.0,Мин. температура
3616,21813,1999-08-03,15.4,Макс. температура
3616,21813,1999-08-18,4.3,Мин. температура
3616,21813,1999-09-06,4.4,Мин. температура
3616,21813,1999-11-25,-31.6,Мин. температура
3616,21813,1999-11-29,-41.6,Мин. температура
3616,21813,1999-12-20,-10.7,Макс. температура
3616,21813,2000-01-07,-39.5,Макс. температура
3616,21813,2000-02-16,-34.5,Макс. температура
3616,21813,2000-03-06,-39.2,Макс. температура
3616,21813,2000-03-10,-22.4,Макс. температура
3616,21813,2000-03-22,-32.6,Мин. температура
3616,21813,2000-04-07,-13.0,Макс. температура
3616,21813,2000-04-28,-12.5,Макс. температура
3616,21813,2000-07-09,10.9,Макс. температура
3616,21813,2000-07-24,19.5,Макс. температура
3616,21813,2000-07-30,13.6,Макс. температура
3616,21813,2000-07-31,11.8,Макс. температура
3616,21813,2000-08-04,17.0,Макс. температура
3616,21813,2000-08-29,5.2,Мин. температура
3616,21813,2000-09-11,2.7,Макс. температура
3616,21813,2000-09-19,-4.1,Мин. температура
3616,21813,2000-11-23,-34.7,Мин. температура
3616,21813,2000-12-18,-42.0,Мин. температура
3616,21813,2001-01-01,-47.3,Мин. температура
3616,21813,2001-01-06,-49.1,Мин. температура
3616,21813,2001-01-20,-36.7,Мин. температура
3616,21813,2001-01-22,-27.5,Мин. температура
3616,21813,2001-01-31,-50.5,Мин. температура
3616,21813,2001-02-12,-27.0,Макс. температура
3616,21813,2001-04-27,-11.9,Макс. температура
3616,21813,2001-05-11,-9.8,Макс. температура
3616,21813,2001-05-28,-2.1,Макс. температура
3616,21813,2001-08-24,11.3,Макс. температура
3616,21813,2001-08-24,0.4,Мин. температура
3616,21813,2001-09-03,3.8,Макс. температура
3616,21813,2001-09-13,-2.2,Макс. температура
3616,21813,2001-09-26,-1.4,Мин. температура
3616,21813,2001-10-14,-7.2,Макс. температура
3616,21813,2001-10-20,-32.2,Мин. температура
3616,21813,2001-11-07,-23.2,Мин. температура
3616,21813,2001-12-13,-21.1,Мин. температура
3616,21813,2001-12-26,-44.3,Мин. температура
3616,21813,2001-12-31,-50.1,Макс. температура
3616,21813,2002-01-05,-20.5,Макс. температура
3616,21813,2002-01-29,-37.5,Макс. температура
3616,21813,2002-02-27,-30.5,Макс. температура
3616,21813,2002-03-03,-40.0,Мин. температура
3616,21813,2002-03-30,-20.8,Макс. температура
3616,21813,2002-05-05,-1.2,Макс. температура
3616,21813,2002-05-22,-7.2,Макс. температура
3616,21813,2002-05-26,-6.1,Мин. температура
3616,21813,2002-06-04,4.1,Макс. температура
3616,21813,2002-06-14,26.1,Макс. температура
3616,21813,2002-07-12,9.2,Мин. температура
3616,21813,2002-07-13,25.4,Макс. температура
3616,21813,2002-07-22,,Мин. температура
3616,21813,2002-07-30,,Мин. температура
3616,21813,2002-08-07,5.3,Мин. температура
3616,21813,2002-08-11,15.0,Макс. температура
3616,21813,2002-08-22,,Мин. температура
3616,21813,2002-09-01,0.3,Мин. температура
3616,21813,2002-09-14,-17.2,Мин. температура
3616,21813,2002-09-27,,Мин. температура
3616,21813,2002-10-13,-7.2,Макс. температура
3616,21813,2002-11-17,-21.1,Макс. температура
3616,21813,2002-12-15,-31.2,Макс. температура
3616,21813,2002-12-28,-31.0,Макс. температура
3616,21813,2002-12-30,-34.6,Макс. температура
3616,21813,2003-09-05,8.5,Мин. температура
3616,21813,2003-09-10,1.8,Макс. температура
3616,21813,1995-03-14,-45.0,Мин. температура
3616,21813,1995-04-05,-22.9,Мин. температура
3616,21813,1995-04-09,-19.7,Макс. температура
3616,21813,1995-05-07,-11.9,Мин. температура
3616,21813,1995-05-29,0.1,Мин. температура
3616,21813,1995-07-08,4.6,Мин. температура
3616,21813,1995-09-14,-6.6,Мин. температура
3616,21813,1995-10-01,-6.0,Мин. температура
3616,21813,1995-10-04,-1.2,Макс. температура
3616,21813,1995-11-22,-37.4,Мин. температура
3616,21813,1995-11-29,-38.5,Мин. температура
3616,21813,1996-01-02,-30.5,Макс. температура
3616,21813,1996-01-25,-30.4,Макс. температура
3616,21813,1996-03-18,-20.1,Макс. температура
3616,21813,1996-05-28,-5.9,Макс. температура
3616,21813,1996-06-13,-1.8,Мин. температура
3616,21813,1996-08-12,7.5,Макс. температура
3616,21813,1996-08-31,4.6,Макс. температура
3616,21813,1996-09-29,-6.5,Макс. температура
3616,21813,1996-12-29,-40.8,Мин. температура
3616,21813,1997-02-18,-45.1,Мин. температура
3616,21813,1997-02-27,-41.1,Макс. температура
3616,21813,1997-11-07,-31.6,Мин. температура
3616,21813,1997-12-06,-30.8,Макс. температура
3616,21813,1997-12-31,-24.9,Макс. температура
3616,21813,1998-01-28,-32.9,Макс. температура
3616,21813,1998-04-01,-28.7,Мин. температура
3616,21813,1998-08-17,11.0,Макс. температура
3616,21813,1998-08-28,1.6,Мин. температура
3616,21813,1998-09-24,-8.4,Мин. температура
3616,21813,1998-11-09,-30.4,Мин. температура
3616,21813,1999-02-03,-28.6,Мин. температура
3616,21813,1999-03-22,-37.3,Макс. температура
3616,21813,1999-03-22,-47.9,Мин. температура
3616,21813,1999-04-07,-15.9,Макс. температура
3616,21813,1999-06-09,5.8,Мин. температура
3616,21813,1999-06-28,12.6,Макс. температура
3616,21813,1999-07-03,22.1,Макс. температура
3616,21813,1999-07-25,11.3,Мин. температура
3616,21813,1999-08-17,8.6,Макс. температура
3616,21813,1999-09-29,-11.0,Мин. температура
3616,21813,1999-09-30,-14.3,Мин. температура
3616,21813,1999-11-18,-21.0,Макс. температура
3616,21813,1999-12-12,-40.3,Макс. температура
3616,21813,2000-01-31,-18.0,Макс. температура
3616,21813,2000-03-29,-25.0,Мин. температура
3616,21813,2000-06-18,6.2,Мин. температура
3616,21813,2000-06-22,0.2,Мин. температура
3616,21813,2000-06-23,9.6,Макс. температура
3616,21813,2000-06-24,2.3,Мин. температура
3616,21813,2000-07-07,14.9,Макс. температура
3616,21813,2000-08-07,6.9,Мин. температура
3616,21813,2000-08-08,15.5,Макс. температура
3616,21813,2000-08-28,10.5,Макс. температура
3616,21813,2000-09-01,0.6,Мин. температура
3616,21813,2000-11-13,-18.4,Макс. температура
3616,21813,2000-11-20,-16.9,Макс. температура
3616,21813,2001-01-07,-29.2,Макс. температура
3616,21813,2001-01-12,-40.4,Мин. температура
3616,21813,2001-01-24,-37.0,Мин. температура
3616,21813,2001-02-24,-24.7,Макс. температура
3616,21813,2001-04-03,-12.5,Макс. температура
3616,21813,2001-06-25,5.4,Мин. температура
3616,21813,2001-07-28,15.9,Мин. температура
3616,21813,2001-07-30,11.9,Мин. температура
3616,21813,2001-10-06,-11.3,Мин. температура
3616,21813,2001-11-13,-15.4,Макс. температура
3616,21813,2001-11-23,-46.0,Мин. температура
3616,21813,2001-11-27,-18.1,Макс. температура
3616,21813,2001-11-28,-12.5,Макс. температура
3616,21813,2001-12-06,-37.5,Макс. температура
3616,21813,2002-01-11,-46.3,Мин. температура
3616,21813,2002-02-03,-20.5,Макс. температура
3616,21813,2002-02-04,-20.5,Макс. температура
3616,21813,2002-03-11,-33.7,Мин. температура
3616,21813,2002-04-10,-18.5,Мин. температура
3616,21813,2002-05-19,-10.9,Мин. температура
3616,21813,2002-05-27,1.6,Макс. температура
3616,21813,2002-05-28,2.4,Макс. температура
3616,21813,2002-08-09,6.7,Мин. температура
3616,21813,2002-08-21,,Макс. температура
3616,21813,2002-08-31,,Макс. температура
3616,21813,2002-09-05,8.6,Макс. температура
3616,21813,2002-09-06,-0.6,Мин. температура
3616,21813,2002-10-11,-8.2,Мин. температура
3616,21813,2002-10-15,-14.4,Мин. температура
3616,21813,2002-11-22,-27.8,Мин. температура
3616,21813,2002-12-02,-41.8,Мин. температура
3616,21813,2002-12-22,-41.6,Макс. температура
3616,21813,2002-12-22,-47.2,Мин. температура
3616,21813,2003-01-26,-24.0,Макс. температура
3616,21813,2003-01-28,-32.6,Макс. температура
3616,21813,2003-03-25,-25.0,Мин. температура
3616,21813,2003-04-04,-39.0,Мин. температура
3616,21813,2003-05-24,5.8,Макс. температура
3616,21813,2003-06-19,3.9,Макс. температура
3616,21813,2003-07-08,17.9,Макс. температура
3616,21813,2003-08-06,10.2,Мин. температура
3616,21813,2003-09-09,2.8,Макс. температура
3616,21813,2003-10-26,-26.0,Мин. температура
3616,21813,2003-10-27,-27.3,Мин. температура
3616,21813,2003-12-27,,Мин. температура
3616,21813,2004-01-01,-48.5,Макс. температура
3616,21813,2004-01-01,-50.0,Мин. температура
3616,21813,2004-02-09,-55.8,Мин. температура
3616,21813,2004-02-15,-41.0,Макс. температура
3616,21813,2004-02-23,-40.0,Макс. температура
3616,21813,2004-04-07,-29.3,Мин. температура
3616,21813,2004-04-12,-11.2,Макс. температура
3616,21813,2004-04-22,,Мин. температура
3616,21813,2004-04-23,,Макс. температура
3616,21813,2004-05-10,-11.8,Мин. температура
3616,21813,2004-05-28,,Мин. температура
3616,21813,2004-07-12,16.4,Макс. температура
3616,21813,2004-08-09,11.4,Макс. температура
3616,21813,2004-08-26,,Макс. температура
3616,21813,2004-08-28,,Макс. температура
3616,21813,2004-09-05,-0.6,Мин. температура
3616,21813,2004-10-03,-8.4,Мин. температура
3616,21813,1995-03-03,-16.4,Макс. температура
3616,21813,1995-04-24,-12.3,Макс. температура
3616,21813,1995-06-20,9.5,Мин. температура
3616,21813,1995-07-16,21.1,Макс. температура
3616,21813,1995-08-09,4.9,Мин. температура
3616,21813,1995-09-01,3.4,Мин. температура
3616,21813,1995-09-21,4.3,Макс. температура
3616,21813,1996-01-22,-36.7,Мин. температура
3616,21813,1996-02-29,-48.9,Мин. температура
3616,21813,1996-03-22,-26.5,Макс. температура
3616,21813,1996-06-18,-0.9,Мин. температура
3616,21813,1996-06-30,1.9,Мин. температура
3616,21813,1996-09-17,1.0,Макс. температура
3616,21813,1996-11-11,-30.6,Мин. температура
3616,21813,1996-11-30,-40.3,Мин. температура
3616,21813,1996-12-17,-48.9,Мин. температура
3616,21813,1997-01-21,-21.6,Макс. температура
3616,21813,1997-03-01,-41.2,Мин. температура
3616,21813,1997-03-11,-29.7,Макс. температура
3616,21813,1997-03-16,-34.8,Мин. температура
3616,21813,1997-07-12,15.6,Мин. температура
3616,21813,1997-10-14,-2.5,Мин. температура
3616,21813,1998-06-04,5.2,Макс. температура
3616,21813,1998-07-31,1.5,Мин. температура
3616,21813,1998-08-03,15.0,Макс. температура
3616,21813,1998-09-06,12.1,Макс. температура
3616,21813,1998-09-12,4.8,Макс. температура
3616,21813,1998-09-15,1.4,Макс. температура
3616,21813,1998-10-04,-13.4,Мин. температура
3616,21813,1998-10-06,-24.4,Мин. температура
3616,21813,1998-10-14,-15.1,Макс. температура
3616,21813,1998-10-25,-7.3,Макс. температура
3616,21813,1998-12-08,-39.5,Макс. температура
3616,21813,1998-12-16,-49.2,Макс. температура
3616,21813,1999-03-02,-26.6,Макс. температура
3616,21813,1999-03-19,-37.4,Макс. температура
3616,21813,1999-03-24,-47.0,Мин. температура
3616,21813,1999-07-04,6.5,Мин. температура
3616,21813,1999-08-31,9.3,Мин. температура
3616,21813,1999-09-09,11.5,Макс. температура
3616,21813,1999-10-03,-15.9,Мин. температура
3616,21813,1999-10-27,-19.9,Мин. температура
3616,21813,1999-11-06,-25.7,Макс. температура
3616,21813,1999-11-26,-37.7,Мин. температура
3616,21813,1999-12-29,-22.5,Макс. температура
3616,21813,2000-03-19,-13.6,Макс. температура
3616,21813,2000-05-23,2.3,Мин. температура
3616,21813,2000-06-06,5.5,Мин. температура
3616,21813,2000-07-15,4.9,Мин. температура
3616,21813,2000-08-01,6.2,Мин. температура
3616,21813,2000-08-27,4.4,Мин. температура
3616,21813,2000-10-12,-11.8,Мин. температура
3616,21813,2000-11-26,-25.4,Макс. температура
3616,21813,2000-12-05,-41.4,Макс. температура
3616,21813,2000-12-06,-38.6,Макс. температура
3616,21813,2000-12-13,-39.4,Мин. температура
3616,21813,2001-01-11,-40.0,Мин. температура
3616,21813,2001-02-11,-32.7,Макс. температура
3616,21813,2001-03-17,-41.0,Мин. температура
3616,21813,2001-04-15,-32.0,Мин. температура
3616,21813,2001-05-07,-13.3,Мин. температура
3616,21813,2001-05-13,-11.5,Мин. температура
3616,21813,2001-08-15,17.7,Макс. температура
3616,21813,2001-09-01,3.2,Мин. температура
3616,21813,2001-09-24,-5.4,Мин. температура
3616,21813,2001-09-28,-0.9,Макс. температура
3616,21813,2001-11-10,-17.2,Макс. температура
3616,21813,2001-12-28,-46.0,Мин. температура
3616,21813,2002-01-04,-36.3,Мин. температура
3616,21813,2002-01-05,-37.3,Мин. температура
3616,21813,2002-02-07,-30.6,Макс. температура
3616,21813,2002-02-21,-28.5,Макс. температура
3616,21813,2002-02-24,-30.2,Макс. температура
3616,21813,2002-03-17,-20.3,Макс. температура
3616,21813,2002-03-28,-22.0,Макс. температура
3616,21813,2002-03-29,-33.5,Мин. температура
3616,21813,2002-05-02,-3.4,Макс. температура
3616,21813,2002-06-02,0.0,Мин. температура
3616,21813,2002-07-16,13.9,Макс. температура
3616,21813,2002-07-28,,Макс. температура
3616,21813,2002-08-03,8.0,Мин. температура
3616,21813,2002-08-26,,Макс. температура
3616,21813,2002-08-27,,Мин. температура
3616,21813,2002-08-28,,Макс. температура
3616,21813,2003-01-06,-27.0,Макс. температура
3616,21813,2003-01-07,-29.4,Макс. температура
3616,21813,2003-03-02,-45.3,Мин. температура
3616,21813,2003-03-17,-33.8,Мин. температура
3616,21813,2003-03-22,-16.3,Макс. температура
3616,21813,2003-04-23,-1.3,Макс. температура
3616,21813,2003-05-18,-10.4,Мин. температура
3616,21813,2003-06-05,0.7,Мин. температура
3616,21813,2003-06-28,18.0,Макс. температура
3616,21813,2003-08-18,4.5,Мин. температура
3616,21813,2003-08-20,3.4,Мин. температура
3616,21813,2003-08-21,11.3,Макс. температура
3616,21813,2003-11-14,-30.5,Мин. температура
3616,21813,2003-12-08,-27.3,Мин. температура
3616,21813,2003-12-20,,Мин. температура
3616,21813,2004-01-29,-40.0,Макс. температура
3616,21813,2004-02-18,-22.8,Макс. температура
3616,21813,2004-03-09,-24.4,Макс. температура
3616,21813,2004-03-16,-36.0,Мин. температура
3616,21813,2004-05-31,,Мин. температура
3616,21813,2004-06-23,,Мин. температура
3616,21813,2004-07-02,10.6,Макс. температура
3616,21813,2004-08-09,2.6,Мин. температура
3616,21813,2004-09-01,1.4,Мин. температура
3616,21813,2004-09-15,2.8,Мин. температура
3616,21813,2004-09-26,-4.8,Макс. температура
3616,21813,2004-11-07,-16.1,Макс. температура
3616,21813,2004-11-14,-26.2,Макс. температура
3616,21813,2004-11-18,,Макс. температура
3616,21813,2004-12-24,,Мин. температура
3616,21813,2004-12-25,,Мин. температура
3616,21813,2004-12-26,,Макс. температура
3616,21813,1995-05-10,-16.9,Мин. температура
3616,21813,1995-05-15,-7.6,Мин. температура
3616,21813,1995-05-27,-5.2,Мин. температура
3616,21813,1995-06-26,5.9,Мин. температура
3616,21813,1995-07-13,1.4,Мин. температура
3616,21813,1995-10-16,-4.3,Макс. температура
3616,21813,1995-11-15,-25.8,Макс. температура
3616,21813,1995-12-05,-37.9,Мин. температура
3616,21813,1995-12-08,-21.7,Макс. температура
3616,21813,1996-01-05,-49.0,Мин. температура
3616,21813,1996-03-07,-51.0,Мин. температура
3616,21813,1996-03-19,-19.5,Макс. температура
3616,21813,1996-04-28,-21.1,Мин. температура
3616,21813,1996-06-21,2.4,Макс. температура
3616,21813,1996-07-10,13.4,Макс. температура
3616,21813,1996-08-15,7.6,Мин. температура
3616,21813,1996-08-30,7.0,Макс. температура
3616,21813,1996-09-09,2.2,Макс. температура
3616,21813,1996-09-28,-0.2,Макс. температура
3616,21813,1996-09-29,-13.9,Мин. температура
3616,21813,1996-10-06,-25.5,Мин. температура
3616,21813,1996-10-19,-14.2,Мин. температура
3616,21813,1996-12-06,-29.8,Макс. температура
3616,21813,1997-01-15,-51.1,Мин. температура
3616,21813,1997-02-02,-21.5,Макс. температура
3616,21813,1997-02-19,-44.6,Мин. температура
3616,21813,1997-10-12,-2.1,Макс. температура
3616,21813,1997-10-29,-7.1,Мин. температура
3616,21813,1997-12-01,-36.0,Мин. температура
3616,21813,1998-01-03,-27.6,Мин. температура
3616,21813,1998-01-05,-23.6,Макс. температура
3616,21813,1998-01-06,-37.4,Мин. температура
3616,21813,1998-01-27,-37.1,Мин. температура
3616,21813,1998-02-14,-40.0,Макс. температура
3616,21813,1998-02-16,-32.9,Макс. температура
3616,21813,1998-02-20,-41.0,Мин. температура
3616,21813,1998-03-22,-40.1,Мин. температура
3616,21813,1998-03-29,-25.7,Макс. температура
3616,21813,1998-03-31,-29.0,Мин. температура
3616,21813,1998-04-17,-24.7,Мин. температура
3616,21813,1998-04-24,-28.0,Мин. температура
3616,21813,1998-06-29,6.6,Мин. температура
3616,21813,1998-07-11,5.4,Мин. температура
3616,21813,1998-08-08,7.6,Мин. температура
3616,21813,1998-08-13,4.2,Мин. температура
3616,21813,1998-08-26,4.6,Макс. температура
3616,21813,1998-09-06,4.2,Мин. температура
3616,21813,1998-09-11,4.0,Макс. температура
3616,21813,1998-11-24,-42.6,Мин. температура
3616,21813,1999-04-09,-24.6,Мин. температура
3616,21813,1999-05-24,3.9,Макс. температура
3616,21813,1999-06-17,12.9,Макс. температура
3616,21813,1999-07-14,13.4,Мин. температура
3616,21813,1999-07-15,10.8,Мин. температура
3616,21813,1999-10-20,-26.0,Мин. температура
3616,21813,1999-10-22,-20.5,Мин. температура
3616,21813,1999-11-11,-19.5,Макс. температура
3616,21813,1999-11-30,-30.2,Макс. температура
3616,21813,1999-12-07,-42.4,Макс. температура
3616,21813,2000-01-06,-41.0,Мин. температура
3616,21813,2000-01-21,-51.7,Мин. температура
3616,21813,2000-02-29,-40.8,Мин. температура
3616,21813,2000-03-01,-35.0,Макс. температура
3616,21813,2000-03-31,-16.0,Макс. температура
3616,21813,2000-05-07,3.4,Макс. температура
3616,21813,2000-05-08,-15.0,Мин. температура
3616,21813,2000-05-20,-3.7,Мин. температура
3616,21813,2000-05-27,2.1,Мин. температура
3616,21813,2000-08-08,10.9,Мин. температура
3616,21813,2000-09-18,4.3,Макс. температура
3616,21813,2000-11-22,-19.1,Макс. температура
3616,21813,2001-01-08,-39.0,Мин. температура
3616,21813,2001-02-10,-36.2,Макс. температура
3616,21813,2001-02-20,-48.5,Мин. температура
3616,21813,2001-06-11,13.3,Макс. температура
3616,21813,2001-06-26,10.2,Макс. температура
3616,21813,2001-07-10,25.5,Макс. температура
3616,21813,2001-08-02,17.5,Макс. температура
3616,21813,2001-09-26,0.7,Макс. температура
3616,21813,2001-10-20,-18.2,Макс. температура
3616,21813,2001-10-31,-17.4,Мин. температура
3616,21813,2001-11-02,-12.2,Макс. температура
3616,21813,2001-11-02,-15.1,Мин. температура
3616,21813,2001-11-25,-31.0,Макс. температура
3616,21813,2002-02-08,-30.5,Макс. температура
3616,21813,2002-03-05,-33.5,Мин. температура
3616,21813,2002-03-07,-36.0,Мин. температура
3616,21813,2002-03-16,-22.5,Макс. температура
3616,21813,2002-05-17,-6.2,Макс. температура
3616,21813,2002-05-26,-3.1,Макс. температура
3616,21813,2002-06-07,16.6,Макс. температура
3616,21813,2002-07-25,,Макс. температура
3616,21813,2002-08-15,2.5,Мин. температура
3616,21813,2002-09-29,,Макс. температура
3616,21813,2002-10-03,-19.1,Мин. температура
3616,21813,2003-01-01,-36.4,Макс. температура
3616,21813,2003-01-30,-38.8,Мин. температура
3616,21813,2003-02-25,-17.3,Макс. температура
3616,21813,2003-04-24,0.0,Макс. температура
3616,21813,2003-05-28,-4.3,Мин. температура
3616,21813,2003-06-17,2.6,Мин. температура
3616,21813,2003-06-20,1.0,Мин. температура
3616,21813,2003-09-12,-2.4,Мин. температура
3616,21813,2003-10-01,-1.5,Макс. температура
3616,21813,2003-10-09,-5.5,Макс. температура
3616,21813,2003-11-02,-37.0,Мин. температура
3616,21813,2004-01-06,-30.6,Макс. температура
3616,21813,2004-01-16,-37.0,Мин. температура
3616,21813,2004-04-05,-24.2,Мин. температура
3616,21813,2004-05-21,,Макс. температура
3616,21813,2004-07-05,5.4,Мин. температура
3616,21813,2004-07-22,,Макс. температура
3616,21813,2004-07-25,,Мин. температура
3616,21813,2004-08-10,16.0,Макс. температура
3616,21813,2004-08-24,,Макс. температура
3616,21813,2004-11-20,,Мин. температура
3616,21813,2004-11-24,,Мин. температура
3616,21813,1995-03-22,-42.3,Мин. температура
3616,21813,1995-04-08,-23.0,Мин. температура
3616,21813,1995-04-24,-24.5,Мин. температура
3616,21813,1995-06-06,3.8,Мин. температура
3616,21813,1995-06-09,11.6,Макс. температура
3616,21813,1995-06-10,5.0,Мин. температура
3616,21813,1995-06-19,15.9,Макс. температура
3616,21813,1995-07-25,14.0,Макс. температура
3616,21813,1995-07-27,9.2,Мин. температура
3616,21813,1995-08-15,5.9,Макс. температура
3616,21813,1995-08-18,9.8,Макс. температура
3616,21813,1995-11-24,-32.4,Мин. температура
3616,21813,1995-11-26,-37.5,Мин. температура
3616,21813,1995-12-20,-39.7,Мин. температура
3616,21813,1996-01-14,-31.6,Макс. температура
3616,21813,1996-01-31,-39.0,Мин. температура
3616,21813,1996-03-09,-44.1,Мин. температура
3616,21813,1996-03-12,-26.8,Макс. температура
3616,21813,1996-03-26,-30.4,Мин. температура
3616,21813,1996-04-11,-19.0,Мин. температура
3616,21813,1996-06-27,10.4,Макс. температура
3616,21813,1996-07-06,13.2,Макс. температура
3616,21813,1996-07-09,10.0,Мин. температура
3616,21813,1996-07-17,12.5,Макс. температура
3616,21813,1996-07-26,14.0,Макс. температура
3616,21813,1996-08-18,3.5,Мин. температура
3616,21813,1996-10-04,-15.9,Мин. температура
3616,21813,1996-10-10,-4.8,Мин. температура
3616,21813,1996-10-25,-24.2,Макс. температура
3616,21813,1996-12-07,-33.1,Макс. температура
3616,21813,1996-12-15,-38.3,Макс. температура
3616,21813,1997-01-01,-31.9,Макс. температура
3616,21813,1997-01-10,-32.7,Мин. температура
3616,21813,1997-01-23,-39.3,Мин. температура
3616,21813,1997-02-06,-43.7,Мин. температура
3616,21813,1997-02-09,-49.3,Мин. температура
3616,21813,1997-03-03,-28.2,Макс. температура
3616,21813,1997-03-04,-23.3,Макс. температура
3616,21813,1997-07-15,14.4,Мин. температура
3616,21813,1997-07-16,18.5,Макс. температура
3616,21813,1997-10-23,-28.3,Мин. температура
3616,21813,1997-11-05,-31.0,Мин. температура
3616,21813,1998-01-13,-20.1,Макс. температура
3616,21813,1998-02-10,-45.1,Мин. температура
3616,21813,1998-03-26,-26.9,Макс. температура
3616,21813,1998-05-28,3.8,Макс. температура
3616,21813,1998-07-26,7.9,Мин. температура
3616,21813,1998-08-24,2.5,Мин. температура
3616,21813,1998-09-17,4.3,Макс. температура
3616,21813,1998-10-22,-8.2,Макс. температура
3616,21813,1998-11-03,-34.1,Мин. температура
3616,21813,1998-11-09,-21.2,Макс. температура
3616,21813,1998-12-14,-48.3,Макс. температура
3616,21813,1999-01-17,-40.0,Мин. температура
3616,21813,1999-01-31,-25.3,Макс. температура
3616,21813,1999-04-13,-29.0,Мин. температура
3616,21813,1999-06-01,-6.3,Мин. температура
3616,21813,1999-06-12,14.4,Макс. температура
3616,21813,1999-06-16,9.0,Мин. температура
3616,21813,1999-06-24,10.5,Макс. температура
3616,21813,1999-08-11,8.6,Макс. температура
3616,21813,1999-08-16,8.1,Макс. температура
3616,21813,1999-08-28,8.0,Мин. температура
3616,21813,1999-10-10,-13.6,Макс. температура
3616,21813,2000-02-21,-25.7,Макс. температура
3616,21813,2000-03-11,-20.5,Макс. температура
3616,21813,2000-06-11,4.9,Макс. температура
3616,21813,2000-08-06,21.7,Макс. температура
3616,21813,2000-08-22,13.6,Макс. температура
3616,21813,2000-09-13,-0.2,Мин. температура
3616,21813,2000-09-30,-1.3,Мин. температура
3616,21813,2000-11-27,-39.5,Мин. температура
3616,21813,2000-12-01,-38.0,Мин. температура
3616,21813,2001-01-13,-43.5,Мин. температура
3616,21813,2001-01-21,-37.7,Мин. температура
3616,21813,2001-02-07,-46.0,Мин. температура
3616,21813,2001-03-23,-24.2,Макс. температура
3616,21813,2001-04-07,-28.5,Макс. температура
3616,21813,2001-04-11,-21.1,Макс. температура
3616,21813,2001-06-26,6.2,Мин. температура
3616,21813,2001-10-06,0.8,Макс. температура
3616,21813,2001-11-20,-35.6,Макс. температура
3616,21813,2001-12-13,-15.8,Макс. температура
3616,21813,2002-03-23,-17.8,Макс. температура
3616,21813,2002-04-03,-32.5,Мин. температура
3616,21813,2002-06-18,,Мин. температура
3616,21813,2002-08-13,14.1,Макс. температура
3616,21813,2002-10-12,-7.8,Макс. температура
3616,21813,2002-10-24,-9.6,Мин. температура
3616,21813,2002-11-15,-16.8,Макс. температура
3616,21813,2002-11-27,-25.4,Макс. температура
3616,21813,2002-12-14,-27.2,Макс. температура
3616,21813,2003-01-20,-36.5,Мин. температура
3616,21813,2003-02-22,-23.0,Макс. температура
3616,21813,2003-04-14,-7.5,Макс. температура
3616,21813,2003-04-18,-14.3,Макс. температура
3616,21813,2003-08-24,3.2,Мин. температура
3616,21813,2003-08-28,8.3,Макс. температура
3616,21813,2003-09-16,-0.8,Мин. температура
3616,21813,2003-09-28,1.7,Макс. температура
3616,21813,2003-10-18,-9.2,Макс. температура
3616,21813,2003-11-16,-28.1,Мин. температура
3616,21813,2003-11-21,-36.9,Мин. температура
3616,21813,2003-11-29,-40.6,Мин. температура
3616,21813,2003-12-03,-39.0,Мин. температура
3616,21813,2004-01-11,-31.4,Макс. температура
3616,21813,2004-01-17,-39.0,Мин. температура
3616,21813,2004-02-07,-43.5,Макс. температура
3616,21813,2004-03-08,-37.4,Мин. температура
3616,21813,2004-03-15,-28.2,Макс. температура
3616,21813,2004-03-18,-35.1,Макс. температура
3616,21813,2004-04-01,-12.2,Макс. температура
3616,21813,2004-04-18,,Мин. температура
3616,21813,2004-06-07,6.6,Макс. температура
3616,21813,2004-06-21,,Макс. температура
3616,21813,2004-06-28,,Мин. температура
3616,21813,2004-07-02,3.6,Мин. температура
3616,21813,2004-08-31,,Макс. температура
3616,21813,2004-09-03,11.6,Макс. температура
3616,21813,1995-04-17,-5.9,Макс. температура
3616,21813,1995-04-26,-25.5,Мин. температура
3616,21813,1995-05-18,-4.5,Макс. температура
3616,21813,1995-06-21,17.7,Макс. температура
3616,21813,1995-07-24,7.8,Мин. температура
3616,21813,1995-08-04,14.5,Макс. температура
3616,21813,1995-08-18,3.0,Мин. температура
3616,21813,1995-09-30,-1.6,Мин. температура
3616,21813,1995-10-17,-4.0,Макс. температура
3616,21813,1995-10-20,-10.2,Макс. температура
3616,21813,1995-10-23,-21.1,Мин. температура
3616,21813,1995-11-16,-33.1,Мин. температура
3616,21813,1995-12-18,-26.8,Макс. температура
3616,21813,1995-12-31,-28.9,Макс. температура
3616,21813,1996-02-10,-20.6,Макс. температура
3616,21813,1996-02-25,-28.5,Мин. температура
3616,21813,1996-03-10,-42.9,Мин. температура
3616,21813,1996-08-02,13.4,Мин. температура
3616,21813,1997-01-09,-42.8,Мин. температура
3616,21813,1997-03-24,-27.1,Макс. температура
3616,21813,1997-03-29,-21.1,Макс. температура
3616,21813,1997-07-25,4.6,Мин. температура
3616,21813,1997-10-04,-5.4,Мин. температура
3616,21813,1997-10-06,-5.0,Макс. температура
3616,21813,1997-10-18,-6.1,Макс. температура
3616,21813,1997-11-24,-37.1,Макс. температура
3616,21813,1997-12-07,-41.5,Мин. температура
3616,21813,1997-12-19,-39.4,Мин. температура
3616,21813,1997-12-30,-26.9,Макс. температура
3616,21813,1998-01-04,-27.7,Мин. температура
3616,21813,1998-01-14,-30.9,Мин. температура
3616,21813,1998-01-27,-31.6,Макс. температура
3616,21813,1998-02-12,-28.1,Макс. температура
3616,21813,1998-02-21,-16.8,Макс. температура
3616,21813,1998-04-05,-5.0,Макс. температура
3616,21813,1998-04-14,-33.0,Мин. температура
3616,21813,1998-04-29,-17.4,Мин. температура
3616,21813,1998-04-30,-13.1,Макс. температура
3616,21813,1998-05-04,-11.4,Макс. температура
3616,21813,1998-05-24,1.8,Макс. температура
3616,21813,1998-07-11,10.1,Макс. температура
3616,21813,1998-07-26,20.2,Макс. температура
3616,21813,1998-07-28,7.4,Мин. температура
3616,21813,1998-07-29,19.7,Макс. температура
3616,21813,1998-08-18,3.6,Мин. температура
3616,21813,1998-08-27,3.0,Мин. температура
3616,21813,1998-08-31,1.2,Мин. температура
3616,21813,1998-09-04,-1.5,Мин. температура
3616,21813,1998-09-12,-1.6,Мин. температура
3616,21813,1998-10-27,-31.3,Мин. температура
3616,21813,1998-11-03,-25.7,Макс. температура
3616,21813,1998-11-10,-15.8,Макс. температура
3616,21813,1998-11-25,-32.0,Макс. температура
3616,21813,1998-12-01,-45.8,Мин. температура
3616,21813,1998-12-24,-38.7,Мин. температура
3616,21813,1999-01-15,-33.2,Мин. температура
3616,21813,1999-01-16,-35.8,Мин. температура
3616,21813,1999-03-12,-31.5,Мин. температура
3616,21813,1999-03-17,-36.8,Макс. температура
3616,21813,1999-04-20,-21.8,Мин. температура
3616,21813,1999-05-05,-20.0,Мин. температура
3616,21813,1999-05-13,-9.8,Мин. температура
3616,21813,1999-05-20,-5.6,Макс. температура
3616,21813,1999-05-31,-7.2,Мин. температура
3616,21813,1999-06-01,-0.1,Макс. температура
3616,21813,1999-06-07,7.2,Мин. температура
3616,21813,1999-06-23,6.2,Мин. температура
3616,21813,1999-07-10,6.3,Мин. температура
3616,21813,1999-07-24,21.2,Макс. температура
3616,21813,1999-09-30,-6.1,Макс. температура
3616,21813,1999-10-27,-10.6,Макс. температура
3616,21813,1999-11-18,-36.2,Мин. температура
3616,21813,1999-12-31,-31.5,Макс. температура
3616,21813,2000-01-13,-46.0,Макс. температура
3616,21813,2000-02-28,-48.0,Мин. температура
3616,21813,2000-03-13,-22.4,Макс. температура
3616,21813,2000-06-12,9.4,Макс. температура
3616,21813,2000-06-13,0.6,Мин. температура
3616,21813,2000-07-05,3.0,Мин. температура
3616,21813,2000-07-09,5.2,Мин. температура
3616,21813,2000-07-12,3.9,Мин. температура
3616,21813,2000-07-22,2.1,Мин. температура
3616,21813,2000-09-24,-1.0,Мин. температура
3616,21813,2000-10-11,1.4,Макс. температура
3616,21813,2000-10-24,-28.4,Мин. температура
3616,21813,2000-11-21,-17.0,Макс. температура
3616,21813,2001-01-02,-31.9,Макс. температура
3616,21813,2001-02-16,-35.9,Макс. температура
3616,21813,2001-02-19,-49.9,Мин. температура
3616,21813,2001-03-08,-33.5,Макс. температура
3616,21813,2001-03-27,-11.5,Макс. температура
3616,21813,2001-05-01,-6.1,Макс. температура
3616,21813,2001-05-16,-8.8,Мин. температура
3616,21813,2001-05-24,-3.1,Мин. температура
3616,21813,2001-05-25,-4.2,Мин. температура
3616,21813,2001-06-02,1.4,Макс. температура
3616,21813,2001-06-09,4.6,Мин. температура
3616,21813,2001-06-17,-2.3,Мин. температура
3616,21813,2001-07-05,15.9,Мин. температура
3616,21813,2001-07-07,18.7,Макс. температура
3616,21813,2001-07-24,29.1,Макс. температура
3616,21813,2001-08-04,12.7,Мин. температура
3616,21813,2001-08-11,1.4,Мин. температура
3616,21813,2001-08-27,2.2,Мин. температура
3616,21813,2001-09-05,0.8,Макс. температура
3616,21813,2001-09-25,0.8,Макс. температура
3616,21813,2001-12-24,-18.6,Макс. температура
3616,21813,2002-01-03,-20.2,Макс. температура
3616,21813,2002-01-18,-47.0,Мин. температура
3616,21813,2002-03-02,-35.6,Мин. температура
3616,21813,2002-05-06,1.9,Макс. температура
3616,21813,2002-05-10,-11.0,Мин. температура
3616,21813,2002-06-06,10.1,Макс. температура
3616,21813,2002-07-04,7.0,Мин. температура
3616,21813,2002-07-23,,Макс. температура
3616,21813,2002-08-06,22.6,Макс. температура
3616,21813,2002-09-01,10.3,Макс. температура
3616,21813,2002-09-13,-2.2,Макс. температура
3616,21813,2003-02-16,-42.0,Мин. температура
3616,21813,1995-05-22,-3.8,Макс. температура
3616,21813,1995-06-27,10.1,Мин. температура
3616,21813,1995-07-03,5.7,Мин. температура
3616,21813,1995-07-23,13.5,Макс. температура
3616,21813,1995-08-11,2.7,Мин. температура
3616,21813,1995-08-25,23.0,Макс. температура
3616,21813,1995-11-30,-22.4,Макс. температура
3616,21813,1995-12-03,-31.9,Макс. температура
3616,21813,1995-12-07,-12.7,Макс. температура
3616,21813,1995-12-09,-27.0,Мин. температура
3616,21813,1996-01-17,-39.1,Макс. температура
3616,21813,1996-01-18,-50.5,Мин. температура
3616,21813,1996-01-28,-35.1,Макс. температура
3616,21813,1996-01-30,-25.6,Макс. температура
3616,21813,1996-03-28,-32.0,Мин. температура
3616,21813,1996-07-26,3.4,Мин. температура
3616,21813,1996-08-11,7.4,Макс. температура
3616,21813,1996-11-04,-14.0,Макс. температура
3616,21813,1996-11-08,-37.0,Мин. температура
3616,21813,1996-11-13,-22.0,Макс. температура
3616,21813,1996-11-13,-30.8,Мин. температура
3616,21813,1996-11-16,-42.3,Мин. температура
3616,21813,1996-12-05,-30.1,Макс. температура
3616,21813,1996-12-24,-33.6,Макс. температура
3616,21813,1997-01-04,-43.5,Мин. температура
3616,21813,1997-01-17,-51.4,Мин. температура
3616,21813,1997-03-09,-40.8,Мин. температура
3616,21813,1997-03-23,-38.3,Мин. температура
3616,21813,1997-10-16,-10.9,Мин. температура
3616,21813,1997-11-01,-3.4,Макс. температура
3616,21813,1998-01-09,-26.1,Макс. температура
3616,21813,1998-01-22,-28.0,Макс. температура
3616,21813,1998-02-06,-43.0,Мин. температура
3616,21813,1998-03-22,-28.3,Макс. температура
3616,21813,1998-04-09,-14.9,Макс. температура
3616,21813,1998-04-23,-12.6,Макс. температура
3616,21813,1998-05-26,-2.9,Мин. температура
3616,21813,1998-06-02,4.8,Макс. температура
3616,21813,1998-06-02,-1.8,Мин. температура
3616,21813,1998-06-06,-0.4,Мин. температура
3616,21813,1998-07-09,17.6,Макс. температура
3616,21813,1998-07-16,11.6,Макс. температура
3616,21813,1998-08-26,0.6,Мин. температура
3616,21813,1998-09-17,-1.8,Мин. температура
3616,21813,1998-10-10,-14.0,Макс. температура
3616,21813,1998-11-22,-37.3,Макс. температура
3616,21813,1999-01-18,-37.7,Макс. температура
3616,21813,1999-03-31,-38.9,Мин. температура
3616,21813,1999-04-01,-20.1,Макс. температура
3616,21813,1999-05-15,-13.4,Мин. температура
3616,21813,1999-05-26,-3.5,Мин. температура
3616,21813,1999-05-30,-3.5,Макс. температура
3616,21813,1999-07-02,11.5,Макс. температура
3616,21813,1999-10-13,-18.2,Мин. температура
3616,21813,1999-10-29,-23.7,Мин. температура
3616,21813,1999-11-24,-21.9,Макс. температура
3616,21813,1999-11-30,-41.0,Мин. температура
3616,21813,1999-12-10,-42.4,Мин. температура
3616,21813,1999-12-28,-20.6,Макс. температура
3616,21813,2000-01-11,-43.9,Макс. температура
3616,21813,2000-01-12,-45.6,Мин. температура
3616,21813,2000-01-14,-31.8,Макс. температура
3616,21813,2000-01-24,-39.6,Мин. температура
3616,21813,2000-03-03,-36.4,Макс. температура
3616,21813,2000-05-13,3.4,Макс. температура
3616,21813,2000-06-17,14.7,Макс. температура
3616,21813,2000-07-22,13.4,Макс. температура
3616,21813,2000-09-07,-1.9,Мин. температура
3616,21813,2000-09-25,-5.8,Мин. температура
3616,21813,2000-10-14,-14.4,Мин. температура
3616,21813,2000-11-25,-37.7,Мин. температура
3616,21813,2000-12-09,-45.5,Мин. температура
3616,21813,2000-12-25,-22.7,Макс. температура
3616,21813,2001-03-24,-19.5,Макс. температура
3616,21813,2001-04-09,-36.5,Мин. температура
3616,21813,2001-04-22,-11.3,Макс. температура
3616,21813,2001-05-10,-1.6,Макс. температура
3616,21813,2001-05-18,-11.6,Мин. температура
3616,21813,2001-06-01,2.2,Макс. температура
3616,21813,2001-08-09,4.3,Макс. температура
3616,21813,2001-10-30,-15.5,Макс. температура
3616,21813,2001-12-23,-31.5,Мин. температура
3616,21813,2002-02-26,-30.5,Макс. температура
3616,21813,2002-03-17,-35.4,Мин. температура
3616,21813,2002-04-05,-10.6,Макс. температура
3616,21813,2002-04-05,-34.1,Мин. температура
3616,21813,2002-04-14,-18.8,Макс. температура
3616,21813,2002-04-21,-30.6,Мин. температура
3616,21813,2002-05-24,-5.1,Макс. температура
3616,21813,2002-05-31,7.4,Макс. температура
3616,21813,2002-06-24,,Макс. температура
3616,21813,2002-07-15,4.1,Мин. температура
3616,21813,2002-07-21,,Макс. температура
3616,21813,2002-10-01,-3.6,Макс. температура
3616,21813,2002-10-26,-7.8,Мин. температура
3616,21813,2002-11-03,-33.0,Мин. температура
3616,21813,2002-11-22,-18.0,Макс. температура
3616,21813,2002-12-09,-39.5,Мин. температура
3616,21813,2003-01-17,-30.5,Макс. температура
3616,21813,2003-01-24,-19.5,Макс. температура
3616,21813,2003-02-05,-39.5,Мин. температура
3616,21813,2003-02-12,-24.5,Макс. температура
3616,21813,2003-03-15,-8.0,Макс. температура
3616,21813,2003-03-16,-6.6,Макс. температура
3616,21813,2003-04-09,-25.7,Мин. температура
3616,21813,2003-04-13,-11.2,Макс. температура
3616,21813,2003-04-25,-15.1,Мин. температура
3616,21813,2003-04-27,-15.7,Мин. температура
3616,21813,2003-05-09,-10.6,Мин. температура
3616,21813,2003-06-22,11.9,Макс. температура
3616,21813,2003-06-26,24.3,Макс. температура
3616,21813,2003-07-24,14.3,Макс. температура
3616,21813,2003-08-23,4.5,Мин. температура
3616,21813,2003-09-16,7.9,Макс. температура
3616,21813,2003-10-07,-7.4,Макс. температура
3616,21813,2003-10-22,-31.5,Мин. температура
3616,21813,2003-11-28,-32.0,Макс. температура
3616,21813,2003-12-02,-24.5,Макс. температура
3616,21813,2004-01-23,-36.4,Мин. температура
3616,21813,1995-03-26,-18.7,Макс. температура
3616,21813,1995-04-22,-13.8,Макс. температура
3616,21813,1995-06-25,15.5,Макс. температура
3616,21813,1995-06-29,22.1,Макс. температура
3616,21813,1995-06-29,11.0,Мин. температура
3616,21813,1995-07-12,2.2,Мин. температура
3616,21813,1995-07-23,8.3,Мин. температура
3616,21813,1995-07-29,10.5,Мин. температура
3616,21813,1995-08-03,10.0,Макс. температура
3616,21813,1995-08-21,8.0,Мин. температура
3616,21813,1995-09-02,2.4,Мин. температура
3616,21813,1995-09-14,2.2,Макс. температура
3616,21813,1995-09-28,-2.6,Мин. температура
3616,21813,1995-12-28,-31.5,Мин. температура
3616,21813,1996-01-18,-29.2,Макс. температура
3616,21813,1996-03-01,-43.3,Макс. температура
3616,21813,1996-05-08,-5.8,Макс. температура
3616,21813,1996-05-23,-8.8,Мин. температура
3616,21813,1996-05-27,-9.4,Мин. температура
3616,21813,1996-05-30,-2.7,Макс. температура
3616,21813,1996-08-20,8.1,Макс. температура
3616,21813,1996-09-02,-1.6,Мин. температура
3616,21813,1996-09-10,6.9,Макс. температура
3616,21813,1996-09-16,0.8,Макс. температура
3616,21813,1996-09-22,1.8,Макс. температура
3616,21813,1996-10-26,-30.9,Мин. температура
3616,21813,1996-11-10,-35.3,Мин. температура
3616,21813,1996-11-22,-20.0,Макс. температура
3616,21813,1996-12-02,-23.5,Макс. температура
3616,21813,1996-12-12,-28.3,Макс. температура
3616,21813,1997-02-10,-43.4,Мин. температура
3616,21813,1997-02-25,-39.1,Макс. температура
3616,21813,1997-03-01,-34.5,Макс. температура
3616,21813,1997-03-17,-10.5,Макс. температура
3616,21813,1997-03-20,-14.9,Макс. температура
3616,21813,1997-07-19,10.2,Макс. температура
3616,21813,1997-11-18,-45.7,Мин. температура
3616,21813,1997-12-06,-35.6,Мин. температура
3616,21813,1997-12-08,-48.4,Мин. температура
3616,21813,1997-12-12,-22.4,Макс. температура
3616,21813,1998-04-21,-21.0,Макс. температура
3616,21813,1998-05-01,-10.3,Макс. температура
3616,21813,1998-05-18,-2.9,Макс. температура
3616,21813,1998-06-09,1.4,Макс. температура
3616,21813,1998-06-21,1.4,Мин. температура
3616,21813,1998-06-23,4.7,Мин. температура
3616,21813,1998-07-03,22.0,Макс. температура
3616,21813,1998-07-10,5.4,Мин. температура
3616,21813,1998-08-09,12.2,Макс. температура
3616,21813,1998-08-23,1.0,Мин. температура
3616,21813,1998-09-27,-9.4,Мин. температура
3616,21813,1998-10-31,-16.0,Макс. температура
3616,21813,1998-11-11,-18.0,Макс. температура
3616,21813,1998-12-04,-23.7,Мин. температура
3616,21813,1998-12-05,-20.3,Макс. температура
3616,21813,1999-01-10,-33.5,Макс. температура
3616,21813,1999-01-26,-47.0,Мин. температура
3616,21813,1999-02-04,-25.4,Макс. температура
3616,21813,1999-04-02,-39.0,Мин. температура
3616,21813,1999-06-19,5.1,Мин. температура
3616,21813,1999-06-22,4.8,Мин. температура
3616,21813,1999-10-29,-20.7,Макс. температура
3616,21813,1999-11-10,-24.2,Мин. температура
3616,21813,1999-11-11,-37.6,Мин. температура
3616,21813,1999-11-15,-29.5,Макс. температура
3616,21813,2000-03-16,-21.5,Мин. температура
3616,21813,2000-03-24,-35.5,Мин. температура
3616,21813,2000-04-01,-29.1,Мин. температура
3616,21813,2000-04-07,-24.0,Мин. температура
3616,21813,2000-04-09,-17.9,Макс. температура
3616,21813,2000-05-16,-6.9,Мин. температура
3616,21813,2000-08-23,12.1,Макс. температура
3616,21813,2000-09-01,4.3,Макс. температура
3616,21813,2000-10-21,-28.0,Мин. температура
3616,21813,2000-11-29,-28.5,Макс. температура
3616,21813,2001-02-10,-46.0,Мин. температура
3616,21813,2001-03-03,-28.4,Макс. температура
3616,21813,2001-03-08,-42.9,Мин. температура
3616,21813,2001-03-28,-31.9,Мин. температура
3616,21813,2001-03-29,-28.4,Мин. температура
3616,21813,2001-06-05,-6.2,Мин. температура
3616,21813,2001-07-04,16.8,Мин. температура
3616,21813,2001-08-04,17.3,Макс. температура
3616,21813,2001-09-19,-11.6,Мин. температура
3616,21813,2001-10-11,-0.2,Макс. температура
3616,21813,2001-10-24,-20.4,Мин. температура
3616,21813,2001-12-25,-21.3,Макс. температура
3616,21813,2002-01-10,-41.9,Макс. температура
3616,21813,2002-01-12,-34.5,Макс. температура
3616,21813,2002-02-11,-38.4,Макс. температура
3616,21813,2002-04-18,-19.6,Макс. температура
3616,21813,2002-05-13,-17.9,Мин. температура
3616,21813,2002-05-19,-0.6,Макс. температура
3616,21813,2002-05-23,-13.6,Мин. температура
3616,21813,2002-05-29,-0.2,Макс. температура
3616,21813,2002-06-02,9.5,Макс. температура
3616,21813,2002-06-08,2.3,Мин. температура
3616,21813,2002-06-19,,Мин. температура
3616,21813,2002-08-01,12.6,Макс. температура
3616,21813,2002-09-10,0.6,Макс. температура
3616,21813,2002-09-19,,Макс. температура
3616,21813,2002-09-23,,Макс. температура
3616,21813,2002-10-23,-13.8,Мин. температура
3616,21813,2002-12-05,-43.8,Мин. температура
3616,21813,2002-12-14,-40.5,Мин. температура
3616,21813,2002-12-26,-34.0,Макс. температура
3616,21813,2003-01-05,-38.8,Мин. температура
3616,21813,2003-01-25,-43.5,Мин. температура
3616,21813,2003-02-08,-35.8,Макс. температура
3616,21813,2003-02-15,-30.5,Макс. температура
3616,21813,2003-03-16,-22.8,Мин. температура
3616,21813,2003-03-25,-9.4,Макс. температура
3616,21813,2003-04-14,-18.4,Мин. температура
3616,21813,2003-05-03,-15.2,Мин. температура
3616,21813,2003-05-19,-6.4,Мин. температура
3616,21813,2003-06-28,4.7,Мин. температура
3616,21813,2003-07-27,7.5,Макс. температура
3616,21813,2003-08-27,8.3,Макс. температура
3616,21813,2003-09-29,2.6,Макс. температура
3616,21813,1995-03-25,-27.5,Мин. температура
3616,21813,1995-03-29,-30.4,Мин. температура
3616,21813,1995-04-02,-27.8,Мин. температура
3616,21813,1995-04-03,-17.3,Макс. температура
3616,21813,1995-05-21,-5.3,Макс. температура
3616,21813,1995-10-05,-6.4,Мин. температура
3616,21813,1995-12-25,-18.6,Макс. температура
3616,21813,1995-12-27,-21.3,Макс. температура
3616,21813,1996-04-07,-18.2,Макс. температура
3616,21813,1996-07-03,26.4,Макс. температура
3616,21813,1996-08-01,20.6,Макс. температура
3616,21813,1996-08-13,3.0,Мин. температура
3616,21813,1996-09-25,0.8,Макс. температура
3616,21813,1996-12-18,-47.4,Макс. температура
3616,21813,1997-01-01,-38.9,Мин. температура
3616,21813,1997-07-24,5.1,Мин. температура
3616,21813,1997-10-28,-2.4,Макс. температура
3616,21813,1997-11-26,-43.3,Макс. температура
3616,21813,1998-01-06,-27.9,Макс. температура
3616,21813,1998-02-12,-44.0,Мин. температура
3616,21813,1998-03-01,-19.0,Макс. температура
3616,21813,1998-04-13,-16.8,Макс. температура
3616,21813,1998-05-05,-11.2,Макс. температура
3616,21813,1998-05-11,-10.7,Макс. температура
3616,21813,1998-05-13,-18.6,Мин. температура
3616,21813,1998-05-26,-0.9,Макс. температура
3616,21813,1998-06-22,4.2,Мин. температура
3616,21813,1998-07-07,22.8,Макс. температура
3616,21813,1998-07-09,8.3,Мин. температура
3616,21813,1998-08-10,13.2,Макс. температура
3616,21813,1998-09-19,-2.4,Мин. температура
3616,21813,1998-11-17,-26.2,Мин. температура
3616,21813,1998-11-27,-45.2,Мин. температура
3616,21813,1998-12-06,-24.4,Макс. температура
3616,21813,1998-12-10,-46.4,Мин. температура
3616,21813,1998-12-15,-49.8,Мин. температура
3616,21813,1998-12-19,-25.6,Макс. температура
3616,21813,1998-12-21,-30.0,Мин. температура
3616,21813,1999-01-26,-26.5,Макс. температура
3616,21813,1999-01-27,-32.4,Макс. температура
3616,21813,1999-03-18,-34.5,Макс. температура
3616,21813,1999-03-21,-47.2,Мин. температура
3616,21813,1999-03-28,-31.9,Мин. температура
3616,21813,1999-04-15,-11.1,Мин. температура
3616,21813,1999-04-26,-22.0,Мин. температура
3616,21813,1999-05-25,3.5,Макс. температура
3616,21813,1999-06-08,6.2,Мин. температура
3616,21813,1999-07-01,10.1,Мин. температура
3616,21813,1999-10-25,-5.8,Макс. температура
3616,21813,1999-11-08,-24.2,Макс. температура
3616,21813,1999-11-08,-32.4,Мин. температура
3616,21813,1999-11-09,-31.8,Мин. температура
3616,21813,1999-11-22,-28.4,Мин. температура
3616,21813,1999-12-14,-42.9,Мин. температура
3616,21813,1999-12-28,-37.3,Мин. температура
3616,21813,2000-02-20,-19.6,Макс. температура
3616,21813,2000-03-08,-36.7,Макс. температура
3616,21813,2000-03-14,-19.5,Макс. температура
3616,21813,2000-04-12,-7.6,Макс. температура
3616,21813,2000-06-28,3.5,Мин. температура
3616,21813,2000-07-07,4.3,Мин. температура
3616,21813,2000-08-07,20.1,Макс. температура
3616,21813,2000-08-15,5.6,Макс. температура
3616,21813,2000-08-25,14.5,Макс. температура
3616,21813,2000-09-10,3.3,Макс. температура
3616,21813,2000-09-22,2.7,Макс. температура
3616,21813,2000-10-16,-10.6,Макс. температура
3616,21813,2000-10-18,-12.8,Макс. температура
3616,21813,2000-10-20,-18.7,Макс. температура
3616,21813,2000-11-01,-25.1,Макс. температура
3616,21813,2000-11-14,-28.0,Мин. температура
3616,21813,2000-12-08,-38.8,Макс. температура
3616,21813,2000-12-18,-23.0,Макс. температура
3616,21813,2000-12-22,-23.3,Макс. температура
3616,21813,2001-03-06,-44.0,Мин. температура
3616,21813,2001-03-18,-27.4,Макс. температура
3616,21813,2001-08-12,6.5,Макс. температура
3616,21813,2001-10-07,-5.8,Макс. температура
3616,21813,2001-11-12,-16.4,Макс. температура
3616,21813,2001-11-18,-22.6,Макс. температура
3616,21813,2001-12-02,-43.5,Мин. температура
3616,21813,2001-12-16,-18.5,Макс. температура
3616,21813,2001-12-17,-21.3,Макс. температура
3616,21813,2002-01-23,-17.0,Макс. температура
3616,21813,2002-03-08,-36.5,Мин. температура
3616,21813,2002-03-12,-34.2,Мин. температура
3616,21813,2002-04-17,-19.6,Мин. температура
3616,21813,2002-06-09,4.5,Мин. температура
3616,21813,2002-06-11,5.5,Мин. температура
3616,21813,2002-06-13,0.9,Мин. температура
3616,21813,2002-07-24,,Мин. температура
3616,21813,2002-08-01,7.2,Мин. температура
3616,21813,2002-08-04,21.5,Макс. температура
3616,21813,2002-09-02,6.7,Макс. температура
3616,21813,2002-09-11,1.2,Макс. температура
3616,21813,2002-09-23,,Мин. температура
3616,21813,2002-10-31,-20.2,Макс. температура
3616,21813,2002-11-05,-23.4,Мин. температура
3616,21813,2002-11-20,-23.0,Мин. температура
3616,21813,2002-12-23,-32.0,Макс. температура
3616,21813,2003-01-05,-25.3,Макс. температура
3616,21813,2003-01-09,-19.0,Макс. температура
3616,21813,2003-01-28,-38.3,Мин. температура
3616,21813,2003-02-18,-32.4,Макс. температура
3616,21813,2003-02-20,-40.2,Мин. температура
3616,21813,2003-02-27,-17.3,Макс. температура
3616,21813,2003-03-05,-33.0,Мин. температура
3616,21813,2003-03-26,-10.8,Макс. температура
3616,21813,2003-04-10,-31.5,Мин. температура
3616,21813,2003-04-11,-10.2,Макс. температура
3616,21813,2003-05-08,1.7,Макс. температура
3616,21813,2003-05-28,1.0,Макс. температура
3616,21813,2003-05-31,4.8,Макс. температура
3616,21813,2003-07-03,10.6,Макс. температура
3616,21813,2003-07-29,3.2,Мин. температура
3616,21813,2003-08-18,10.7,Макс. температура
3616,21813,2003-10-23,-23.4,Мин. температура
3616,21813,2003-11-07,-19.0,Макс. температура
3616,21813,2003-11-15,-19.0,Макс. температура
3616,21813,1995-03-06,-28.9,Макс. температура
3616,21813,1995-03-31,-11.5,Макс. температура
3616,21813,1995-04-22,-29.4,Мин. температура
3616,21813,1995-04-26,-10.8,Макс. температура
3616,21813,1995-07-15,18.4,Макс. температура
3616,21813,1995-07-21,13.8,Мин. температура
3616,21813,1995-08-11,8.3,Макс. температура
3616,21813,1995-12-15,-28.1,Мин. температура
3616,21813,1995-12-24,-46.5,Мин. температура
3616,21813,1996-02-18,-35.7,Мин. температура
3616,21813,1996-03-09,-25.1,Макс. температура
3616,21813,1996-05-19,2.5,Макс. температура
3616,21813,1996-06-12,3.4,Макс. температура
3616,21813,1996-06-19,0.3,Мин. температура
3616,21813,1996-06-26,-1.2,Мин. температура
3616,21813,1996-07-17,0.6,Мин. температура
3616,21813,1996-07-28,7.4,Макс. температура
3616,21813,1996-07-30,1.0,Мин. температура
3616,21813,1996-11-20,-27.4,Мин. температура
3616,21813,1996-11-28,-33.2,Макс. температура
3616,21813,1996-12-19,-50.5,Мин. температура
3616,21813,1997-01-06,-25.6,Макс. температура
3616,21813,1997-03-14,-41.8,Мин. температура
3616,21813,1997-03-30,-26.4,Мин. температура
3616,21813,1997-07-17,13.8,Макс. температура
3616,21813,1997-07-31,15.5,Макс. температура
3616,21813,1997-10-04,-3.3,Макс. температура
3616,21813,1997-10-28,-10.5,Мин. температура
3616,21813,1997-12-27,-30.1,Макс. температура
3616,21813,1998-01-17,-38.1,Мин. температура
3616,21813,1998-02-16,-47.5,Мин. температура
3616,21813,1998-03-04,-18.9,Макс. температура
3616,21813,1998-03-12,-37.0,Мин. температура
3616,21813,1998-03-16,-24.8,Макс. температура
3616,21813,1998-03-24,-30.9,Мин. температура
3616,21813,1998-05-18,-12.8,Мин. температура
3616,21813,1998-05-31,-5.2,Мин. температура
3616,21813,1998-06-10,4.4,Макс. температура
3616,21813,1998-09-02,6.4,Макс. температура
3616,21813,1998-09-09,2.4,Мин. температура
3616,21813,1998-09-29,-6.8,Макс. температура
3616,21813,1998-10-05,-24.2,Мин. температура
3616,21813,1998-10-28,-19.7,Макс. температура
3616,21813,1998-11-30,-43.3,Макс. температура
3616,21813,1999-01-09,-46.0,Мин. температура
3616,21813,1999-04-12,-13.1,Макс. температура
3616,21813,1999-05-10,2.6,Макс. температура
3616,21813,1999-06-08,18.6,Макс. температура
3616,21813,1999-09-02,9.0,Макс. температура
3616,21813,1999-10-14,-6.5,Макс. температура
3616,21813,1999-11-06,-31.5,Мин. температура
3616,21813,1999-12-20,-17.5,Мин. температура
3616,21813,2000-01-21,-50.2,Макс. температура
3616,21813,2000-02-05,-21.5,Макс. температура
3616,21813,2000-02-25,-28.2,Макс. температура
3616,21813,2000-03-08,-44.2,Мин. температура
3616,21813,2000-03-13,-34.3,Мин. температура
3616,21813,2000-03-18,-13.3,Макс. температура
3616,21813,2000-03-28,-33.0,Мин. температура
3616,21813,2000-04-13,-3.4,Макс. температура
3616,21813,2000-05-18,-8.1,Мин. температура
3616,21813,2000-05-28,-1.6,Мин. температура
3616,21813,2000-06-04,0.3,Мин. температура
3616,21813,2000-06-29,6.4,Макс. температура
3616,21813,2000-07-01,15.9,Макс. температура
3616,21813,2000-08-14,7.2,Макс. температура
3616,21813,2000-11-12,-38.0,Мин. температура
3616,21813,2000-11-28,-26.0,Макс. температура
3616,21813,2000-12-12,-31.1,Мин. температура
3616,21813,2001-01-27,-53.8,Мин. температура
3616,21813,2001-03-07,-36.0,Макс. температура
3616,21813,2001-03-09,-30.5,Макс. температура
3616,21813,2001-03-15,-36.0,Мин. температура
3616,21813,2001-03-19,-32.0,Мин. температура
3616,21813,2001-04-10,-21.4,Макс. температура
3616,21813,2001-04-27,-14.1,Мин. температура
3616,21813,2001-05-12,-8.1,Макс. температура
3616,21813,2001-07-03,25.9,Макс. температура
3616,21813,2001-07-25,21.1,Макс. температура
3616,21813,2001-12-14,-21.5,Мин. температура
3616,21813,2002-01-08,-44.8,Мин. температура
3616,21813,2002-01-15,-43.6,Мин. температура
3616,21813,2002-03-27,-19.5,Макс. температура
3616,21813,2002-04-27,-22.0,Мин. температура
3616,21813,2002-04-30,-20.1,Мин. температура
3616,21813,2002-05-03,-17.9,Мин. температура
3616,21813,2002-05-16,-5.4,Макс. температура
3616,21813,2002-06-05,11.2,Макс. температура
3616,21813,2002-07-12,26.0,Макс. температура
3616,21813,2002-09-25,,Мин. температура
3616,21813,2002-11-08,-31.6,Макс. температура
3616,21813,2002-11-30,-40.8,Мин. температура
3616,21813,2003-01-25,-27.0,Макс. температура
3616,21813,2003-05-04,-14.4,Мин. температура
3616,21813,2003-05-26,2.2,Мин. температура
3616,21813,2003-09-27,-2.4,Мин. температура
3616,21813,2003-10-04,-15.8,Мин. температура
3616,21813,2003-11-12,-32.5,Мин. температура
3616,21813,2004-01-06,-44.0,Мин. температура
3616,21813,2004-01-07,-42.3,Мин. температура
3616,21813,2004-02-27,-24.8,Макс. температура
3616,21813,2004-05-12,-6.6,Мин. температура
3616,21813,2004-06-04,5.4,Макс. температура
3616,21813,2004-06-23,,Макс. температура
3616,21813,2004-06-28,,Макс. температура
3616,21813,2004-07-01,13.6,Макс. температура
3616,21813,2004-07-14,15.1,Макс. температура
3616,21813,2004-11-19,,Макс. температура
3616,21813,2004-11-23,,Мин. температура
3616,21813,1995-03-20,-42.3,Мин. температура
3616,21813,1995-04-19,-20.4,Мин. температура
3616,21813,1995-05-16,-2.9,Макс. температура
3616,21813,1995-05-27,4.7,Макс. температура
3616,21813,1995-08-29,10.4,Мин. температура
3616,21813,1995-10-12,-10.5,Мин. температура
3616,21813,1995-11-08,-35.5,Мин. температура
3616,21813,1995-12-23,-40.8,Макс. температура
3616,21813,1996-01-12,-31.1,Макс. температура
3616,21813,1996-01-23,-33.6,Мин. температура
3616,21813,1996-04-01,-13.3,Макс. температура
3616,21813,1996-04-12,-15.7,Мин. температура
3616,21813,1996-05-22,-10.2,Мин. температура
3616,21813,1996-09-19,-7.2,Мин. температура
3616,21813,1996-11-08,-26.0,Макс. температура
3616,21813,1996-11-19,-27.2,Мин. температура
3616,21813,1996-12-06,-45.7,Мин. температура
3616,21813,1996-12-08,-46.9,Мин. температура
3616,21813,1996-12-16,-41.0,Макс. температура
3616,21813,1996-12-26,-43.1,Мин. температура
3616,21813,1997-02-15,-34.8,Макс. температура
3616,21813,1997-03-29,-39.1,Мин. температура
3616,21813,1997-04-01,-34.3,Мин. температура
3616,21813,1997-07-05,8.6,Мин. температура
3616,21813,1997-07-08,9.0,Мин. температура
3616,21813,1997-07-28,24.5,Макс. температура
3616,21813,1997-07-30,10.2,Мин. температура
3616,21813,1997-10-11,-15.0,Мин. температура
3616,21813,1997-10-19,-20.7,Мин. температура
3616,21813,1997-10-26,-3.6,Макс. температура
3616,21813,1997-11-22,-42.5,Мин. температура
3616,21813,1997-12-09,-33.8,Макс. температура
3616,21813,1997-12-28,-41.9,Мин. температура
3616,21813,1998-01-12,-38.3,Мин. температура
3616,21813,1998-03-06,-26.4,Макс. температура
3616,21813,1998-03-25,-37.3,Мин. температура
3616,21813,1998-05-05,-21.2,Мин. температура
3616,21813,1998-08-02,12.5,Макс. температура
3616,21813,1998-08-19,2.8,Мин. температура
3616,21813,1998-10-01,-4.6,Макс. температура
3616,21813,1998-10-20,-25.7,Мин. температура
3616,21813,1998-12-05,-34.6,Мин. температура
3616,21813,1999-01-08,-38.1,Макс. температура
3616,21813,1999-01-10,-39.0,Мин. температура
3616,21813,1999-01-21,-54.3,Мин. температура
3616,21813,1999-02-11,-46.1,Мин. температура
3616,21813,1999-02-16,-40.0,Макс. температура
3616,21813,1999-02-16,-49.2,Мин. температура
3616,21813,1999-03-25,-21.6,Макс. температура
3616,21813,1999-04-21,-17.3,Макс. температура
3616,21813,1999-04-27,-4.2,Макс. температура
3616,21813,1999-05-29,-1.5,Макс. температура
3616,21813,1999-06-27,15.4,Макс. температура
3616,21813,1999-07-08,18.6,Макс. температура
3616,21813,1999-07-18,15.5,Макс. температура
3616,21813,1999-10-30,-29.0,Мин. температура
3616,21813,1999-11-09,-16.6,Макс. температура
3616,21813,1999-11-21,-12.7,Макс. температура
3616,21813,1999-12-02,-35.5,Макс. температура
3616,21813,1999-12-05,-31.4,Макс. температура
3616,21813,2000-01-08,-40.4,Макс. температура
3616,21813,2000-01-15,-48.2,Мин. температура
3616,21813,2000-01-24,-15.1,Макс. температура
3616,21813,2000-02-06,-22.0,Макс. температура
3616,21813,2000-03-16,-16.4,Макс. температура
3616,21813,2000-03-30,-10.1,Макс. температура
3616,21813,2000-05-06,-3.5,Макс. температура
3616,21813,2000-05-11,3.0,Макс. температура
3616,21813,2000-11-03,-23.3,Макс. температура
3616,21813,2000-11-16,-22.4,Макс. температура
3616,21813,2000-11-24,-24.2,Макс. температура
3616,21813,2000-11-25,-23.3,Макс. температура
3616,21813,2000-12-01,-30.1,Макс. температура
3616,21813,2000-12-03,-29.5,Макс. температура
3616,21813,2000-12-16,-32.0,Макс. температура
3616,21813,2001-01-04,-48.9,Мин. температура
3616,21813,2001-01-31,-22.5,Макс. температура
3616,21813,2001-03-28,-8.3,Макс. температура
3616,21813,2001-04-16,-21.9,Макс. температура
3616,21813,2001-05-07,2.9,Макс. температура
3616,21813,2001-05-24,3.9,Макс. температура
3616,21813,2001-05-25,0.8,Макс. температура
3616,21813,2001-07-03,15.5,Мин. температура
3616,21813,2001-07-18,24.7,Макс. температура
3616,21813,2001-09-09,-7.2,Мин. температура
3616,21813,2001-11-06,-8.0,Макс. температура
3616,21813,2001-12-09,-23.4,Макс. температура
3616,21813,2002-01-07,-37.5,Макс. температура
3616,21813,2002-01-07,-45.2,Мин. температура
3616,21813,2002-01-13,-37.0,Мин. температура
3616,21813,2002-01-23,-42.8,Мин. температура
3616,21813,2002-01-25,-44.5,Макс. температура
3616,21813,2002-03-04,-38.5,Мин. температура
3616,21813,2002-03-16,-37.8,Мин. температура
3616,21813,2002-03-19,-11.8,Макс. температура
3616,21813,2002-05-09,-3.2,Макс. температура
3616,21813,2002-10-19,-8.0,Макс. температура
3616,21813,2002-12-03,-43.3,Мин. температура
3616,21813,2002-12-10,-29.0,Мин. температура
3616,21813,2003-01-07,-51.7,Мин. температура
3616,21813,2003-02-12,-32.5,Мин. температура
3616,21813,2003-03-09,-35.2,Мин. температура
3616,21813,2003-03-27,-10.1,Макс. температура
3616,21813,2003-04-17,-9.5,Макс. температура
3616,21813,2003-05-03,-7.8,Макс. температура
3616,21813,2003-05-25,6.8,Макс. температура
3616,21813,2003-06-06,1.6,Мин. температура
3616,21813,2003-07-01,3.9,Мин. температура
3616,21813,2003-07-08,9.7,Мин. температура
3616,21813,2003-07-16,14.9,Мин. температура
3616,21813,2003-08-03,13.6,Макс. температура
3616,21813,2003-09-07,11.3,Макс. температура
3616,21813,2003-09-26,-3.6,Мин. температура
3616,21813,2003-10-25,-15.8,Макс. температура
3616,21813,2004-01-09,-47.5,Мин. температура
3616,21813,2004-01-21,-28.2,Макс. температура
3616,21813,2004-03-30,-21.5,Макс. температура
3616,21813,2004-07-06,20.4,Макс. температура
3616,21813,2004-09-08,-2.6,Мин. температура
3616,21813,1995-03-08,-31.9,Макс. температура
3616,21813,1995-06-02,14.6,Макс. температура
3616,21813,1995-06-11,5.7,Мин. температура
3616,21813,1995-06-17,5.7,Мин. температура
3616,21813,1995-07-08,7.6,Макс. температура
3616,21813,1995-08-14,3.9,Мин. температура
3616,21813,1995-10-21,-15.3,Мин. температура
3616,21813,1995-11-28,-29.4,Макс. температура
3616,21813,1996-01-25,-34.2,Мин. температура
3616,21813,1996-01-28,-44.4,Мин. температура
3616,21813,1996-02-15,-32.2,Мин. температура
3616,21813,1996-06-03,0.2,Макс. температура
3616,21813,1996-07-23,3.3,Мин. температура
3616,21813,1996-07-27,11.4,Макс. температура
3616,21813,1996-07-31,1.6,Мин. температура
3616,21813,1996-09-17,-1.3,Мин. температура
3616,21813,1996-10-20,-7.6,Макс. температура
3616,21813,1996-10-30,-21.2,Макс. температура
3616,21813,1996-10-31,-16.4,Макс. температура
3616,21813,1996-11-07,-40.3,Мин. температура
3616,21813,1996-12-01,-36.7,Макс. температура
3616,21813,1997-01-14,-41.9,Мин. температура
3616,21813,1997-01-18,-39.4,Макс. температура
3616,21813,1997-02-06,-36.5,Макс. температура
3616,21813,1997-03-07,-33.2,Мин. температура
3616,21813,1997-07-08,17.7,Макс. температура
3616,21813,1997-07-09,22.1,Макс. температура
3616,21813,1997-07-09,8.7,Мин. температура
3616,21813,1997-07-13,26.6,Макс. температура
3616,21813,1997-07-19,3.8,Мин. температура
3616,21813,1997-07-20,6.0,Мин. температура
3616,21813,1997-11-18,-42.5,Макс. температура
3616,21813,1998-01-30,-42.6,Мин. температура
3616,21813,1998-02-21,-36.1,Мин. температура
3616,21813,1998-03-03,-25.4,Макс. температура
3616,21813,1998-03-15,-35.4,Макс. температура
3616,21813,1998-04-08,-16.3,Макс. температура
3616,21813,1998-04-09,-32.7,Мин. температура
3616,21813,1998-04-16,-24.7,Мин. температура
3616,21813,1998-04-17,-11.9,Макс. температура
3616,21813,1998-05-27,-1.4,Макс. температура
3616,21813,1998-06-17,8.9,Макс. температура
3616,21813,1998-07-23,6.4,Мин. температура
3616,21813,1998-08-14,15.0,Макс. температура
3616,21813,1998-08-30,1.4,Мин. температура
3616,21813,1998-09-03,10.4,Макс. температура
3616,21813,1998-10-04,-6.7,Макс. температура
3616,21813,1998-10-23,-10.2,Мин. температура
3616,21813,1998-10-27,-21.8,Макс. температура
3616,21813,1998-11-02,-31.0,Мин. температура
3616,21813,1998-11-15,-9.4,Макс. температура
3616,21813,1998-12-03,-24.8,Мин. температура
3616,21813,1999-01-06,-39.0,Макс. температура
3616,21813,1999-03-05,-29.3,Макс. температура
3616,21813,1999-05-14,-9.0,Мин. температура
3616,21813,1999-05-21,-7.5,Мин. температура
3616,21813,1999-05-27,-4.4,Мин. температура
3616,21813,1999-07-03,6.0,Мин. температура
3616,21813,1999-07-12,8.2,Мин. температура
3616,21813,1999-08-25,7.6,Мин. температура
3616,21813,1999-09-07,16.4,Макс. температура
3616,21813,1999-10-06,-11.2,Мин. температура
3616,21813,1999-11-02,-19.6,Макс. температура
3616,21813,2000-01-22,-34.3,Макс. температура
3616,21813,2000-01-29,-21.5,Макс. температура
3616,21813,2000-02-01,-24.5,Мин. температура
3616,21813,2000-02-07,-26.9,Макс. температура
3616,21813,2000-02-26,-36.5,Макс. температура
3616,21813,2000-03-15,-37.0,Мин. температура
3616,21813,2000-04-18,-23.0,Мин. температура
3616,21813,2000-05-02,-21.6,Мин. температура
3616,21813,2000-06-09,17.1,Макс. температура
3616,21813,2000-07-21,3.9,Мин. температура
3616,21813,2000-11-10,-28.2,Макс. температура
3616,21813,2000-12-20,-38.2,Макс. температура
3616,21813,2000-12-25,-37.9,Мин. температура
3616,21813,2001-02-03,-23.0,Макс. температура
3616,21813,2001-04-04,-12.8,Макс. температура
3616,21813,2001-04-18,-22.8,Мин. температура
3616,21813,2001-05-17,-11.6,Мин. температура
3616,21813,2001-05-27,-9.7,Мин. температура
3616,21813,2001-06-10,3.4,Мин. температура
3616,21813,2001-06-14,-1.2,Мин. температура
3616,21813,2001-06-16,3.8,Макс. температура
3616,21813,2001-06-28,4.6,Мин. температура
3616,21813,2001-08-14,5.3,Мин. температура
3616,21813,2001-09-17,-4.6,Мин. температура
3616,21813,2001-10-16,-13.4,Мин. температура
3616,21813,2001-10-23,-19.6,Мин. температура
3616,21813,2002-01-03,-32.3,Мин. температура
3616,21813,2002-01-09,-43.0,Макс. температура
3616,21813,2002-01-16,-24.6,Макс. температура
3616,21813,2002-02-13,-36.2,Макс. температура
3616,21813,2002-03-12,-7.3,Макс. температура
3616,21813,2002-03-21,-10.7,Макс. температура
3616,21813,2002-04-02,-15.6,Макс. температура
3616,21813,2002-07-03,3.2,Мин. температура
3616,21813,2002-08-08,24.7,Макс. температура
3616,21813,2002-09-19,,Мин. температура
3616,21813,2002-10-27,-6.3,Макс. температура
3616,21813,2002-11-01,-22.2,Макс. температура
3616,21813,2003-01-19,-35.0,Макс. температура
3616,21813,2003-02-22,-41.3,Мин. температура
3616,21813,2003-04-03,-35.4,Мин. температура
3616,21813,2003-04-20,-4.6,Макс. температура
3616,21813,2003-04-21,-14.0,Мин. температура
3616,21813,2003-05-18,1.9,Макс. температура
3616,21813,2003-05-30,4.5,Макс. температура
3616,21813,2003-06-12,1.4,Мин. температура
3616,21813,2003-06-13,2.0,Мин. температура
3616,21813,2003-07-31,15.5,Макс. температура
3616,21813,2003-10-07,-13.5,Мин. температура
3616,21813,2003-10-15,-6.2,Макс. температура
3616,21813,2003-11-26,-20.5,Макс. температура
3616,21813,2004-02-09,-46.8,Макс. температура
3616,21813,2004-02-27,-42.7,Мин. температура
3616,21813,2004-03-06,-42.2,Мин. температура
3616,21813,2004-03-14,-32.3,Мин. температура
3616,21813,2004-04-28,,Макс. температура
3616,21813,1995-05-02,-14.3,Макс. температура
3616,21813,1995-10-10,-3.4,Макс. температура
3616,21813,1995-11-21,-32.0,Макс. температура
3616,21813,1995-12-04,-36.3,Мин. температура
3616,21813,1995-12-22,-44.8,Мин. температура
3616,21813,1996-01-23,-29.7,Макс. температура
3616,21813,1996-02-04,-45.6,Мин. температура
3616,21813,1996-02-22,-30.6,Мин. температура
3616,21813,1996-02-25,-22.7,Макс. температура
3616,21813,1996-03-08,-45.0,Мин. температура
3616,21813,1996-03-14,-39.7,Мин. температура
3616,21813,1996-04-02,-16.1,Макс. температура
3616,21813,1996-04-03,-27.6,Мин. температура
3616,21813,1996-06-22,-0.7,Мин. температура
3616,21813,1996-07-13,9.6,Макс. температура
3616,21813,1996-08-02,22.8,Макс. температура
3616,21813,1996-09-24,-5.6,Мин. температура
3616,21813,1996-12-23,-31.6,Макс. температура
3616,21813,1997-01-20,-27.8,Макс. температура
3616,21813,1997-01-30,-42.0,Мин. температура
3616,21813,1997-02-27,-46.4,Мин. температура
3616,21813,1997-03-21,-33.6,Мин. температура
3616,21813,1997-07-22,5.8,Мин. температура
3616,21813,1997-10-09,-6.2,Макс. температура
3616,21813,1997-11-05,-12.1,Макс. температура
3616,21813,1997-11-06,-21.0,Макс. температура
3616,21813,1997-11-08,-13.0,Макс. температура
3616,21813,1997-11-24,-43.0,Мин. температура
3616,21813,1997-12-10,-48.0,Мин. температура
3616,21813,1998-02-23,-25.1,Макс. температура
3616,21813,1998-03-05,-33.7,Мин. температура
3616,21813,1998-03-23,-30.4,Макс. температура
3616,21813,1998-03-28,-23.9,Макс. температура
3616,21813,1998-05-12,-4.4,Макс. температура
3616,21813,1998-06-12,2.8,Мин. температура
3616,21813,1998-06-14,1.4,Мин. температура
3616,21813,1998-07-17,3.6,Мин. температура
3616,21813,1998-07-28,19.4,Макс. температура
3616,21813,1998-08-11,11.2,Макс. температура
3616,21813,1998-08-27,5.4,Макс. температура
3616,21813,1998-09-10,-0.1,Мин. температура
3616,21813,1998-10-12,-24.4,Мин. температура
3616,21813,1998-11-12,-37.5,Мин. температура
3616,21813,1998-11-17,-16.2,Макс. температура
3616,21813,1998-11-20,-37.7,Мин. температура
3616,21813,1998-12-26,-25.8,Макс. температура
3616,21813,1999-03-06,-28.2,Макс. температура
3616,21813,1999-03-26,-29.4,Мин. температура
3616,21813,1999-05-16,-12.6,Мин. температура
3616,21813,1999-05-18,3.0,Макс. температура
3616,21813,1999-06-06,3.5,Мин. температура
3616,21813,1999-06-22,12.5,Макс. температура
3616,21813,1999-08-02,14.4,Макс. температура
3616,21813,1999-09-11,1.8,Мин. температура
3616,21813,1999-10-06,-6.4,Макс. температура
3616,21813,2000-02-02,-21.0,Мин. температура
3616,21813,2000-02-17,-31.5,Макс. температура
3616,21813,2000-02-26,-48.8,Мин. температура
3616,21813,2000-03-03,-44.9,Мин. температура
3616,21813,2000-03-21,-30.3,Мин. температура
3616,21813,2000-04-28,-15.2,Мин. температура
3616,21813,2000-05-11,-8.0,Мин. температура
3616,21813,2000-05-14,-15.5,Мин. температура
3616,21813,2000-06-07,27.6,Макс. температура
3616,21813,2000-06-17,3.3,Мин. температура
3616,21813,2000-06-21,5.0,Макс. температура
3616,21813,2000-10-07,-5.8,Мин. температура
3616,21813,2000-10-26,-14.4,Макс. температура
3616,21813,2000-12-14,-35.0,Мин. температура
3616,21813,2000-12-30,-32.5,Макс. температура
3616,21813,2001-01-07,-49.5,Мин. температура
3616,21813,2001-01-14,-37.5,Мин. температура
3616,21813,2001-02-15,-45.3,Мин. температура
3616,21813,2001-03-31,-29.0,Макс. температура
3616,21813,2001-04-06,-34.6,Мин. температура
3616,21813,2001-04-13,-27.0,Макс. температура
3616,21813,2001-05-03,-10.1,Макс. температура
3616,21813,2001-05-13,-3.8,Макс. температура
3616,21813,2001-06-30,28.1,Макс. температура
3616,21813,2001-07-28,22.5,Макс. температура
3616,21813,2001-09-15,0.6,Макс. температура
3616,21813,2001-10-02,-4.0,Макс. температура
3616,21813,2001-10-15,-7.0,Макс. температура
3616,21813,2001-10-22,-9.4,Макс. температура
3616,21813,2001-10-24,-12.8,Макс. температура
3616,21813,2001-11-11,-16.2,Макс. температура
3616,21813,2001-11-13,-22.4,Мин. температура
3616,21813,2001-12-07,-41.1,Мин. температура
3616,21813,2002-01-02,-29.2,Макс. температура
3616,21813,2002-01-20,-50.0,Мин. температура
3616,21813,2002-01-26,-50.5,Мин. температура
3616,21813,2002-04-28,-12.5,Макс. температура
3616,21813,2002-05-07,-1.2,Макс. температура
3616,21813,2002-05-11,-15.2,Мин. температура
3616,21813,2002-05-30,3.0,Макс. температура
3616,21813,2002-07-18,,Мин. температура
3616,21813,2002-08-10,5.4,Мин. температура
3616,21813,2002-09-21,,Мин. температура
3616,21813,2002-12-26,-46.6,Мин. температура
3616,21813,2003-03-06,-39.0,Мин. температура
3616,21813,2003-03-08,-29.0,Макс. температура
3616,21813,2003-03-20,-3.5,Макс. температура
3616,21813,2003-04-05,-39.2,Мин. температура
3616,21813,2003-04-26,-8.0,Макс. температура
3616,21813,2003-04-30,-22.9,Мин. температура
3616,21813,2003-05-10,-12.4,Мин. температура
3616,21813,2003-07-02,7.9,Мин. температура
3616,21813,2003-07-16,29.7,Макс. температура
3616,21813,2003-08-21,2.8,Мин. температура
3616,21813,2003-08-24,6.1,Макс. температура
3616,21813,2003-09-01,18.2,Макс. температура
3616,21813,2003-09-26,4.2,Макс. температура
3616,21813,2003-09-30,2.6,Макс. температура
3616,21813,2003-10-12,-9.0,Мин. температура
3616,21813,2003-11-06,-33.2,Мин. температура
3616,21813,2003-12-04,-9.6,Макс. температура
3616,21813,2003-12-09,-19.3,Макс. температура
3616,21813,2003-12-26,,Макс. температура
3616,21813,2004-03-07,-35.2,Макс. температура
3616,21813,1995-03-08,-46.6,Мин. температура
3616,21813,1995-03-23,-16.4,Макс. температура
3616,21813,1995-05-12,2.8,Макс. температура
3616,21813,1995-06-13,12.7,Макс. температура
3616,21813,1995-06-16,15.2,Макс. температура
3616,21813,1995-06-28,18.7,Макс. температура
3616,21813,1995-06-30,6.7,Мин. температура
3616,21813,1995-07-04,11.9,Макс. температура
3616,21813,1995-08-21,21.5,Макс. температура
3616,21813,1995-09-23,0.8,Макс. температура
3616,21813,1995-11-28,-40.2,Мин. температура
3616,21813,1996-01-10,-26.4,Макс. температура
3616,21813,1996-02-03,-41.2,Макс. температура
3616,21813,1996-02-07,-43.9,Мин. температура
3616,21813,1996-02-16,-39.6,Мин. температура
3616,21813,1996-02-21,-16.2,Макс. температура
3616,21813,1996-02-23,-39.0,Мин. температура
3616,21813,1996-03-21,-25.5,Макс. температура
3616,21813,1996-04-28,-16.3,Макс. температура
3616,21813,1996-05-05,1.8,Макс. температура
3616,21813,1996-05-21,-7.9,Мин. температура
3616,21813,1996-05-25,-7.8,Макс. температура
3616,21813,1996-06-03,-7.5,Мин. температура
3616,21813,1996-06-14,-1.6,Мин. температура
3616,21813,1996-06-15,-2.0,Мин. температура
3616,21813,1996-07-31,20.8,Макс. температура
3616,21813,1996-09-22,-6.0,Мин. температура
3616,21813,1996-12-09,-50.4,Мин. температура
3616,21813,1997-01-02,-45.3,Мин. температура
3616,21813,1997-01-10,-22.0,Макс. температура
3616,21813,1997-01-12,-47.7,Мин. температура
3616,21813,1997-02-17,-35.8,Макс. температура
3616,21813,1997-02-22,-34.0,Макс. температура
3616,21813,1997-03-16,-14.9,Макс. температура
3616,21813,1997-07-03,31.1,Макс. температура
3616,21813,1997-10-11,-2.1,Макс. температура
3616,21813,1997-10-14,-0.4,Макс. температура
3616,21813,1997-10-25,-1.4,Макс. температура
3616,21813,1997-11-10,-13.8,Макс. температура
3616,21813,1997-11-25,-46.7,Мин. температура
3616,21813,1997-12-22,-28.6,Макс. температура
3616,21813,1998-01-31,-38.0,Мин. температура
3616,21813,1998-02-03,-43.2,Мин. температура
3616,21813,1998-03-02,-46.0,Мин. температура
3616,21813,1998-04-15,-8.1,Макс. температура
3616,21813,1998-05-08,-2.1,Макс. температура
3616,21813,1998-05-17,-15.8,Мин. температура
3616,21813,1998-05-30,-5.7,Мин. температура
3616,21813,1998-06-24,3.3,Мин. температура
3616,21813,1998-09-22,-0.2,Макс. температура
3616,21813,1998-10-06,-16.2,Макс. температура
3616,21813,1998-10-21,-8.3,Макс. температура
3616,21813,1998-10-29,-32.2,Мин. температура
3616,21813,1998-12-08,-43.7,Мин. температура
3616,21813,1998-12-20,-32.4,Мин. температура
3616,21813,1998-12-26,-35.1,Мин. температура
3616,21813,1999-01-14,-26.4,Мин. температура
3616,21813,1999-01-16,-23.8,Макс. температура
3616,21813,1999-02-17,-45.0,Мин. температура
3616,21813,1999-02-26,-41.1,Мин. температура
3616,21813,1999-02-27,-30.0,Макс. температура
3616,21813,1999-03-16,-48.0,Мин. температура
3616,21813,1999-04-27,-22.4,Мин. температура
3616,21813,1999-04-29,-8.0,Макс. температура
3616,21813,1999-05-03,-12.5,Мин. температура
3616,21813,1999-05-28,1.2,Макс. температура
3616,21813,1999-07-10,17.2,Макс. температура
3616,21813,1999-08-14,12.6,Макс. температура
3616,21813,1999-09-10,0.4,Мин. температура
3616,21813,1999-09-12,0.5,Мин. температура
3616,21813,1999-09-13,4.3,Макс. температура
3616,21813,1999-09-20,4.4,Макс. температура
3616,21813,1999-11-01,-16.5,Макс. температура
3616,21813,1999-11-15,-44.9,Мин. температура
3616,21813,1999-11-19,-13.1,Макс. температура
3616,21813,1999-11-22,-16.1,Макс. температура
3616,21813,1999-12-09,-26.3,Макс. температура
3616,21813,2000-02-03,-12.9,Макс. температура
3616,21813,2000-02-05,-29.1,Мин. температура
3616,21813,2000-02-06,-35.2,Мин. температура
3616,21813,2000-02-25,-42.0,Мин. температура
3616,21813,2000-03-04,-44.5,Мин. температура
3616,21813,2000-03-21,-16.4,Макс. температура
3616,21813,2000-04-27,1.5,Макс. температура
3616,21813,2000-05-04,-23.0,Мин. температура
3616,21813,2000-05-26,15.2,Макс. температура
3616,21813,2000-06-05,1.8,Мин. температура
3616,21813,2000-12-03,-39.7,Мин. температура
3616,21813,2000-12-27,-32.3,Макс. температура
3616,21813,2001-01-22,-24.2,Макс. температура
3616,21813,2001-01-29,-50.7,Макс. температура
3616,21813,2001-03-05,-41.0,Мин. температура
3616,21813,2001-03-22,-33.0,Макс. температура
3616,21813,2001-03-24,-41.0,Мин. температура
3616,21813,2001-04-18,-16.0,Макс. температура
3616,21813,2001-04-21,-12.0,Макс. температура
3616,21813,2001-06-08,4.8,Мин. температура
3616,21813,2001-06-15,-0.9,Мин. температура
3616,21813,2001-07-11,28.3,Макс. температура
3616,21813,2001-07-14,12.3,Макс. температура
3616,21813,2001-08-16,3.8,Мин. температура
3616,21813,2001-09-17,1.2,Макс. температура
3616,21813,2001-10-27,-28.6,Мин. температура
3616,21813,2001-11-28,-25.2,Мин. температура
3616,21813,2001-12-24,-31.0,Мин. температура
3616,21813,2002-01-22,-29.7,Мин. температура
3616,21813,2002-01-31,-35.9,Макс. температура
3616,21813,2002-02-06,-42.5,Мин. температура
3616,21813,2002-05-08,-17.0,Мин. температура
3616,21813,2002-06-16,17.5,Мин. температура
3616,21813,2002-08-04,9.5,Мин. температура
3616,21813,2002-08-05,19.2,Макс. температура
3616,21813,2002-08-06,12.7,Мин. температура
3616,21813,2002-08-21,,Мин. температура
3616,21813,2002-08-26,,Мин. температура
3616,21813,2002-10-12,-9.0,Мин. температура
3616,21813,2002-10-19,-12.0,Мин. температура
3616,21813,2002-11-03,-22.7,Макс. температура
3616,21813,2002-11-08,-35.8,Мин. температура
3616,21813,1995-03-03,-41.5,Мин. температура
3616,21813,1995-03-04,-16.0,Макс. температура
3616,21813,1995-03-09,-45.6,Мин. температура
3616,21813,1995-04-04,-21.0,Мин. температура
3616,21813,1995-04-06,-25.4,Мин. температура
3616,21813,1995-05-01,-14.2,Макс. температура
3616,21813,1995-05-31,4.8,Макс. температура
3616,21813,1995-06-06,6.9,Макс. температура
3616,21813,1995-08-10,5.5,Мин. температура
3616,21813,1995-09-19,-2.6,Мин. температура
3616,21813,1995-10-29,-21.5,Мин. температура
3616,21813,1995-11-23,-38.0,Мин. температура
3616,21813,1996-01-07,-47.1,Мин. температура
3616,21813,1996-02-07,-29.7,Макс. температура
3616,21813,1996-02-29,-28.1,Макс. температура
3616,21813,1996-03-28,-16.0,Макс. температура
3616,21813,1996-04-15,-12.7,Макс. температура
3616,21813,1996-05-23,-6.0,Макс. температура
3616,21813,1996-06-08,-3.5,Мин. температура
3616,21813,1996-07-21,5.0,Мин. температура
3616,21813,1996-07-23,11.2,Макс. температура
3616,21813,1996-08-21,11.5,Макс. температура
3616,21813,1996-08-23,0.7,Мин. температура
3616,21813,1996-08-24,11.2,Макс. температура
3616,21813,1996-12-30,-40.8,Мин. температура
3616,21813,1997-01-13,-50.4,Мин. температура
3616,21813,1997-01-24,-37.1,Макс. температура
3616,21813,1997-01-27,-23.1,Макс. температура
3616,21813,1997-01-29,-22.1,Макс. температура
3616,21813,1997-02-01,-22.9,Макс. температура
3616,21813,1997-02-04,-40.5,Мин. температура
3616,21813,1997-03-13,-41.0,Мин. температура
3616,21813,1997-10-02,0.3,Макс. температура
3616,21813,1997-10-07,-9.0,Мин. температура
3616,21813,1997-10-21,-20.4,Мин. температура
3616,21813,1997-12-23,-28.9,Мин. температура
3616,21813,1998-01-20,-43.9,Мин. температура
3616,21813,1998-03-01,-42.0,Мин. температура
3616,21813,1998-03-11,-21.8,Макс. температура
3616,21813,1998-04-26,-12.2,Макс. температура
3616,21813,1998-06-17,1.4,Мин. температура
3616,21813,1998-08-16,18.4,Макс. температура
3616,21813,1998-09-19,2.0,Макс. температура
3616,21813,1998-09-26,-7.2,Мин. температура
3616,21813,1998-10-12,-11.8,Макс. температура
3616,21813,1998-11-21,-38.1,Макс. температура
3616,21813,1999-01-04,-49.6,Мин. температура
3616,21813,1999-02-11,-29.4,Макс. температура
3616,21813,1999-03-19,-47.6,Мин. температура
3616,21813,1999-04-15,-5.8,Макс. температура
3616,21813,1999-06-14,11.2,Макс. температура
3616,21813,1999-07-13,29.3,Макс. температура
3616,21813,1999-07-22,25.2,Макс. температура
3616,21813,1999-09-26,-6.5,Мин. температура
3616,21813,1999-11-03,-39.9,Мин. температура
3616,21813,2000-01-25,-14.8,Макс. температура
3616,21813,2000-02-15,-36.2,Макс. температура
3616,21813,2000-02-17,-36.2,Мин. температура
3616,21813,2000-04-16,-5.4,Макс. температура
3616,21813,2000-05-09,3.5,Макс. температура
3616,21813,2000-07-01,5.2,Мин. температура
3616,21813,2000-07-29,13.9,Мин. температура
3616,21813,2000-08-02,8.7,Макс. температура
3616,21813,2000-08-18,5.6,Макс. температура
3616,21813,2000-08-19,2.2,Мин. температура
3616,21813,2000-09-23,1.1,Мин. температура
3616,21813,2001-03-10,-31.9,Макс. температура
3616,21813,2001-07-22,20.0,Макс. температура
3616,21813,2001-07-24,13.9,Мин. температура
3616,21813,2001-08-15,2.6,Мин. температура
3616,21813,2001-08-28,4.1,Макс. температура
3616,21813,2001-09-09,-1.2,Макс. температура
3616,21813,2001-10-27,-13.4,Макс. температура
3616,21813,2001-10-31,-14.2,Макс. температура
3616,21813,2001-12-03,-27.4,Макс. температура
3616,21813,2001-12-21,-20.2,Мин. температура
3616,21813,2001-12-28,-39.5,Макс. температура
3616,21813,2002-01-24,-48.4,Мин. температура
3616,21813,2002-02-20,-32.5,Мин. температура
3616,21813,2002-04-09,-6.4,Макс. температура
3616,21813,2002-04-24,-12.1,Мин. температура
3616,21813,2002-05-05,-20.1,Мин. температура
3616,21813,2002-06-01,-1.0,Мин. температура
3616,21813,2002-09-22,,Мин. температура
3616,21813,2002-12-18,-46.8,Мин. температура
3616,21813,2002-12-19,-46.6,Мин. температура
3616,21813,2003-01-21,-34.5,Мин. температура
3616,21813,2003-02-04,-22.8,Макс. температура
3616,21813,2003-02-07,-39.2,Мин. температура
3616,21813,2003-03-21,-10.5,Макс. температура
3616,21813,2003-03-23,-29.4,Мин. температура
3616,21813,2003-04-15,-26.4,Мин. температура
3616,21813,2003-04-26,-13.5,Мин. температура
3616,21813,2003-05-04,-10.4,Макс. температура
3616,21813,2003-05-13,-3.0,Мин. температура
3616,21813,2003-06-17,5.1,Макс. температура
3616,21813,2003-07-04,12.5,Макс. температура
3616,21813,2003-07-07,8.3,Мин. температура
3616,21813,2003-08-01,5.1,Мин. температура
3616,21813,2003-08-19,7.5,Макс. температура
3616,21813,2004-01-19,-28.2,Макс. температура
3616,21813,2004-02-05,-49.3,Мин. температура
3616,21813,2004-05-06,-12.7,Мин. температура
3616,21813,2004-05-27,,Мин. температура
3616,21813,2004-05-31,,Макс. температура
3616,21813,2004-08-26,,Мин. температура
3616,21813,2004-09-01,5.2,Макс. температура
3616,21813,2004-09-11,10.0,Макс. температура
3616,21813,2004-09-17,6.8,Макс. температура
3616,21813,2004-09-22,-1.2,Мин. температура
3616,21813,2004-11-08,-20.4,Мин. температура
3616,21813,2004-11-20,,Макс. температура
3616,21813,2004-12-28,,Мин. температура
3616,21813,1995-03-12,-31.3,Макс. температура
3616,21813,1995-05-05,-3.8,Макс. температура
3616,21813,1995-05-16,-6.3,Мин. температура
3616,21813,1995-06-07,14.2,Макс. температура
3616,21813,1995-09-26,-8.2,Мин. температура
3616,21813,1995-10-11,-4.6,Макс. температура
3616,21813,1995-11-05,-31.1,Макс. температура
3616,21813,1995-11-06,-29.8,Макс. температура
3616,21813,1995-12-25,-35.6,Мин. температура
3616,21813,1996-01-03,-50.3,Мин. температура
3616,21813,1996-01-24,-34.4,Мин. температура
3616,21813,1996-03-02,-43.3,Макс. температура
3616,21813,1996-04-04,-19.7,Макс. температура
3616,21813,1996-05-09,-0.8,Макс. температура
3616,21813,1996-05-17,5.4,Макс. температура
3616,21813,1996-06-09,-4.6,Мин. температура
3616,21813,1996-08-06,21.4,Макс. температура
3616,21813,1996-08-14,14.6,Макс. температура
3616,21813,1996-08-26,1.6,Мин. температура
3616,21813,1996-09-16,-1.2,Мин. температура
3616,21813,1996-10-05,-18.4,Мин. температура
3616,21813,1996-10-14,1.3,Макс. температура
3616,21813,1996-10-22,-8.4,Макс. температура
3616,21813,1996-11-22,-26.8,Мин. температура
3616,21813,1997-01-22,-31.5,Мин. температура
3616,21813,1997-02-13,-30.9,Макс. температура
3616,21813,1997-02-14,-41.5,Мин. температура
3616,21813,1997-10-06,-11.0,Мин. температура
3616,21813,1997-10-29,-3.8,Макс. температура
3616,21813,1997-12-11,-33.2,Мин. температура
3616,21813,1998-01-08,-38.1,Мин. температура
3616,21813,1998-01-15,-24.2,Макс. температура
3616,21813,1998-01-29,-30.0,Макс. температура
3616,21813,1998-02-22,-28.1,Мин. температура
3616,21813,1998-08-05,26.0,Макс. температура
3616,21813,1998-09-21,-0.4,Макс. температура
3616,21813,1998-09-26,-3.9,Макс. температура
3616,21813,1998-09-28,-6.4,Макс. температура
3616,21813,1998-10-07,-24.7,Мин. температура
3616,21813,1999-01-05,-47.1,Мин. температура
3616,21813,1999-04-17,-20.1,Мин. температура
3616,21813,1999-04-22,-27.3,Мин. температура
3616,21813,1999-05-02,-3.0,Макс. температура
3616,21813,1999-05-05,-7.5,Макс. температура
3616,21813,1999-05-20,-8.8,Мин. температура
3616,21813,1999-06-12,9.5,Мин. температура
3616,21813,1999-07-07,11.5,Макс. температура
3616,21813,1999-07-27,10.8,Макс. температура
3616,21813,1999-08-08,6.4,Макс. температура
3616,21813,1999-08-13,4.7,Мин. температура
3616,21813,1999-08-16,3.6,Мин. температура
3616,21813,1999-08-23,25.0,Макс. температура
3616,21813,1999-08-31,15.6,Макс. температура
3616,21813,1999-09-24,-2.6,Макс. температура
3616,21813,1999-11-07,-23.9,Макс. температура
3616,21813,1999-11-20,-19.8,Мин. температура
3616,21813,1999-11-27,-31.0,Макс. температура
3616,21813,2000-01-16,-34.0,Макс. температура
3616,21813,2000-01-26,-15.4,Макс. температура
3616,21813,2000-02-10,-38.2,Мин. температура
3616,21813,2000-02-18,-35.4,Макс. температура
3616,21813,2000-03-25,-17.7,Макс. температура
3616,21813,2000-04-23,-12.4,Мин. температура
3616,21813,2000-05-08,2.5,Макс. температура
3616,21813,2000-05-22,0.3,Мин. температура
3616,21813,2000-06-19,1.9,Мин. температура
3616,21813,2000-07-03,6.0,Мин. температура
3616,21813,2000-07-06,5.2,Мин. температура
3616,21813,2000-07-21,9.8,Макс. температура
3616,21813,2000-08-13,7.4,Макс. температура
3616,21813,2000-08-31,8.0,Макс. температура
3616,21813,2000-09-17,0.1,Макс. температура
3616,21813,2000-10-08,-6.4,Мин. температура
3616,21813,2000-10-13,-2.3,Макс. температура
3616,21813,2000-11-11,-40.5,Мин. температура
3616,21813,2001-01-05,-42.1,Макс. температура
3616,21813,2001-02-02,-22.0,Макс. температура
3616,21813,2001-02-06,-32.6,Макс. температура
3616,21813,2001-02-23,-40.9,Мин. температура
3616,21813,2001-03-13,-18.0,Макс. температура
3616,21813,2001-03-16,-40.5,Мин. температура
3616,21813,2001-04-24,-15.5,Мин. температура
3616,21813,2001-04-25,-4.6,Макс. температура
3616,21813,2001-06-04,0.3,Макс. температура
3616,21813,2001-07-31,20.9,Макс. температура
3616,21813,2001-09-30,-7.2,Мин. температура
3616,21813,2001-10-02,-5.8,Мин. температура
3616,21813,2001-10-26,-24.3,Мин. температура
3616,21813,2001-11-08,-17.6,Макс. температура
3616,21813,2001-11-16,-12.2,Макс. температура
3616,21813,2001-11-21,-37.5,Макс. температура
3616,21813,2001-11-24,-42.0,Макс. температура
3616,21813,2001-12-20,-29.6,Мин. температура
3616,21813,2001-12-21,-16.5,Макс. температура
3616,21813,2002-02-06,-29.6,Макс. температура
3616,21813,2002-02-19,-32.6,Мин. температура
3616,21813,2002-05-25,-16.1,Мин. температура
3616,21813,2002-07-01,6.1,Мин. температура
3616,21813,2002-08-24,,Макс. температура
3616,21813,2002-10-06,-2.4,Макс. температура
3616,21813,2002-11-15,-19.4,Мин. температура
3616,21813,2002-11-19,-20.3,Макс. температура
3616,21813,2003-02-04,-32.6,Мин. температура
3616,21813,2003-05-17,-9.0,Мин. температура
3616,21813,2003-05-26,4.1,Макс. температура
3616,21813,2003-06-26,6.6,Мин. температура
3616,21813,2003-08-25,6.7,Макс. температура
3616,21813,2003-08-31,-2.2,Мин. температура
3616,21813,2003-09-21,6.5,Макс. температура
3616,21813,2003-11-09,-17.3,Макс. температура
3616,21813,2003-12-12,-48.4,Мин. температура
3616,21813,2003-12-18,,Мин. температура
3616,21813,2003-12-25,,Мин. температура
3616,21813,2004-01-24,-42.0,Мин. температура
3616,21813,2004-04-01,-28.2,Мин. температура
3616,21813,2004-04-04,-14.0,Макс. температура
3616,21813,2004-04-16,-12.0,Макс. температура
3616,21813,2004-06-22,,Макс. температура
3616,21813,2004-07-03,18.4,Макс. температура
3616,21813,1995-03-14,-32.8,Макс. температура
3616,21813,1995-04-04,-17.4,Макс. температура
3616,21813,1995-04-15,-12.5,Макс. температура
3616,21813,1995-04-20,-20.0,Мин. температура
3616,21813,1995-05-02,-20.8,Мин. температура
3616,21813,1995-05-20,-8.3,Макс. температура
3616,21813,1995-06-05,4.8,Мин. температура
3616,21813,1995-07-05,8.9,Макс. температура
3616,21813,1995-07-05,4.3,Мин. температура
3616,21813,1995-07-09,4.1,Мин. температура
3616,21813,1995-08-05,4.5,Мин. температура
3616,21813,1995-09-04,2.4,Мин. температура
3616,21813,1995-09-05,11.7,Макс. температура
3616,21813,1995-09-18,-6.4,Мин. температура
3616,21813,1995-09-30,0.1,Макс. температура
3616,21813,1995-10-11,-10.5,Мин. температура
3616,21813,1995-10-12,-4.6,Макс. температура
3616,21813,1995-10-28,-5.6,Макс. температура
3616,21813,1995-12-01,-37.0,Мин. температура
3616,21813,1995-12-16,-24.7,Макс. температура
3616,21813,1995-12-21,-40.0,Мин. температура
3616,21813,1996-02-06,-37.9,Мин. температура
3616,21813,1996-02-26,-37.0,Мин. температура
3616,21813,1996-03-04,-52.3,Мин. температура
3616,21813,1996-03-06,-54.2,Мин. температура
3616,21813,1996-03-20,-25.8,Макс. температура
3616,21813,1996-07-25,7.4,Макс. температура
3616,21813,1996-08-05,13.8,Мин. температура
3616,21813,1996-09-09,-0.4,Мин. температура
3616,21813,1996-10-03,-10.2,Мин. температура
3616,21813,1996-10-19,-6.0,Макс. температура
3616,21813,1996-12-30,-32.3,Макс. температура
3616,21813,1996-12-31,-39.6,Мин. температура
3616,21813,1997-01-09,-24.2,Макс. температура
3616,21813,1997-02-20,-34.4,Макс. температура
3616,21813,1997-03-12,-31.2,Макс. температура
3616,21813,1997-03-31,-31.7,Мин. температура
3616,21813,1997-07-15,19.8,Макс. температура
3616,21813,1997-10-08,-5.3,Макс. температура
3616,21813,1997-10-30,-3.3,Макс. температура
3616,21813,1997-10-31,-13.2,Мин. температура
3616,21813,1997-11-20,-44.9,Мин. температура
3616,21813,1997-12-17,-40.3,Мин. температура
3616,21813,1998-01-07,-37.3,Макс. температура
3616,21813,1998-01-29,-39.0,Мин. температура
3616,21813,1998-03-30,-33.0,Мин. температура
3616,21813,1998-05-10,-4.2,Макс. температура
3616,21813,1998-06-08,4.1,Макс. температура
3616,21813,1998-08-06,12.2,Мин. температура
3616,21813,1998-09-03,0.0,Мин. температура
3616,21813,1998-09-14,3.0,Макс. температура
3616,21813,1998-10-15,-14.0,Макс. температура
3616,21813,1998-10-23,-7.8,Макс. температура
3616,21813,1998-11-21,-40.0,Мин. температура
3616,21813,1998-11-25,-42.5,Мин. температура
3616,21813,1999-01-15,-26.5,Макс. температура
3616,21813,1999-01-24,-35.3,Макс. температура
3616,21813,1999-01-28,-29.3,Макс. температура
3616,21813,1999-02-05,-35.8,Мин. температура
3616,21813,1999-02-25,-31.5,Макс. температура
3616,21813,1999-03-08,-25.0,Макс. температура
3616,21813,1999-04-25,-7.5,Макс. температура
3616,21813,1999-05-02,-19.5,Мин. температура
3616,21813,1999-07-04,13.5,Макс. температура
3616,21813,1999-08-03,11.3,Мин. температура
3616,21813,1999-10-04,-5.2,Мин. температура
3616,21813,1999-10-13,-12.9,Макс. температура
3616,21813,1999-10-15,-15.7,Мин. температура
3616,21813,1999-10-28,-13.3,Макс. температура
3616,21813,1999-10-31,-16.4,Макс. температура
3616,21813,1999-12-26,-21.8,Мин. температура
3616,21813,2000-01-01,-38.5,Мин. температура
3616,21813,2000-01-18,-52.1,Мин. температура
3616,21813,2000-02-27,-41.6,Макс. температура
3616,21813,2000-03-09,-44.3,Мин. температура
3616,21813,2000-05-12,-6.0,Макс. температура
3616,21813,2000-05-24,10.8,Макс. температура
3616,21813,2000-07-03,10.6,Макс. температура
3616,21813,2000-08-04,5.3,Мин. температура
3616,21813,2000-08-05,20.6,Макс. температура
3616,21813,2000-09-09,-0.1,Мин. температура
3616,21813,2000-10-04,-8.4,Мин. температура
3616,21813,2000-12-22,-39.8,Мин. температура
3616,21813,2001-01-02,-48.5,Мин. температура
3616,21813,2001-01-13,-29.5,Макс. температура
3616,21813,2001-02-12,-38.1,Мин. температура
3616,21813,2001-03-29,-10.0,Макс. температура
3616,21813,2001-04-09,-11.3,Макс. температура
3616,21813,2001-04-19,-26.0,Мин. температура
3616,21813,2001-06-02,-4.8,Мин. температура
3616,21813,2001-06-10,14.0,Макс. температура
3616,21813,2001-06-18,0.2,Мин. температура
3616,21813,2001-07-02,19.0,Мин. температура
3616,21813,2001-08-06,7.7,Мин. температура
3616,21813,2001-08-23,9.3,Макс. температура
3616,21813,2001-09-04,-4.0,Мин. температура
3616,21813,2001-10-10,-1.4,Макс. температура
3616,21813,2001-10-28,-33.6,Мин. температура
3616,21813,2001-11-21,-42.7,Мин. температура
3616,21813,2002-01-01,-33.5,Макс. температура
3616,21813,2002-01-17,-33.0,Мин. температура
3616,21813,2002-02-14,-45.0,Макс. температура
3616,21813,2002-02-14,-49.0,Мин. температура
3616,21813,2002-04-15,-35.2,Мин. температура
3616,21813,2002-04-20,-18.0,Макс. температура
3616,21813,2002-05-21,-5.3,Макс. температура
3616,21813,2002-09-26,,Мин. температура
3616,21813,2002-10-31,-30.8,Мин. температура
3616,21813,2002-11-09,-32.2,Макс. температура
3616,21813,2002-11-11,-26.2,Макс. температура
3616,21813,2002-12-07,-31.4,Макс. температура
3616,21813,2002-12-25,-37.8,Мин. температура
3616,21813,2003-01-27,-27.3,Макс. температура
3616,21813,2003-01-27,-37.5,Мин. температура
3616,21813,2003-02-13,-24.6,Макс. температура
3616,21813,2003-03-08,-45.0,Мин. температура
3616,21813,2003-05-06,-16.1,Мин. температура
3616,21813,2003-05-14,-7.2,Мин. температура
3616,21813,2003-05-29,-3.8,Мин. температура
3616,21813,1995-03-01,-34.0,Макс. температура
3616,21813,1995-04-16,-7.6,Макс. температура
3616,21813,1995-05-14,-3.3,Макс. температура
3616,21813,1995-07-20,13.5,Мин. температура
3616,21813,1995-09-08,5.0,Макс. температура
3616,21813,1995-10-18,-13.5,Мин. температура
3616,21813,1995-11-01,-8.6,Макс. температура
3616,21813,1995-11-03,-21.7,Макс. температура
3616,21813,1995-11-10,-19.2,Макс. температура
3616,21813,1995-12-03,-39.5,Мин. температура
3616,21813,1996-01-16,-49.9,Мин. температура
3616,21813,1996-02-12,-39.3,Мин. температура
3616,21813,1996-02-13,-30.7,Макс. температура
3616,21813,1996-02-15,-29.1,Макс. температура
3616,21813,1996-02-18,-22.8,Макс. температура
3616,21813,1996-04-24,-16.5,Макс. температура
3616,21813,1996-05-29,-11.6,Мин. температура
3616,21813,1996-06-09,-1.9,Макс. температура
3616,21813,1996-06-28,1.6,Мин. температура
3616,21813,1996-08-22,10.0,Макс. температура
3616,21813,1996-08-30,0.1,Мин. температура
3616,21813,1996-09-06,6.5,Макс. температура
3616,21813,1996-09-23,0.8,Макс. температура
3616,21813,1996-10-06,-14.0,Макс. температура
3616,21813,1996-10-11,-6.0,Мин. температура
3616,21813,1996-10-27,-30.1,Мин. температура
3616,21813,1996-11-15,-32.0,Макс. температура
3616,21813,1997-01-24,-45.1,Мин. температура
3616,21813,1997-02-08,-49.9,Мин. температура
3616,21813,1997-10-17,-10.7,Мин. температура
3616,21813,1997-11-25,-43.7,Макс. температура
3616,21813,1997-11-28,-51.4,Мин. температура
3616,21813,1997-12-24,-27.6,Макс. температура
3616,21813,1998-01-24,-30.0,Мин. температура
3616,21813,1998-02-06,-32.0,Макс. температура
3616,21813,1998-02-08,-44.0,Мин. температура
3616,21813,1998-02-25,-37.4,Мин. температура
3616,21813,1998-04-21,-28.6,Мин. температура
3616,21813,1998-06-15,3.8,Макс. температура
3616,21813,1998-07-06,9.6,Мин. температура
3616,21813,1998-08-11,1.4,Мин. температура
3616,21813,1998-10-19,-23.0,Мин. температура
3616,21813,1998-10-24,-6.6,Макс. температура
3616,21813,1999-01-07,-47.8,Мин. температура
3616,21813,1999-03-18,-45.2,Мин. температура
3616,21813,1999-04-05,-11.2,Макс. температура
3616,21813,1999-06-15,8.0,Мин. температура
3616,21813,1999-07-21,17.6,Макс. температура
3616,21813,1999-08-12,7.8,Макс. температура
3616,21813,1999-09-04,4.5,Мин. температура
3616,21813,1999-09-18,-1.5,Мин. температура
3616,21813,1999-10-03,-3.2,Макс. температура
3616,21813,2000-01-11,-46.9,Мин. температура
3616,21813,2000-02-22,-26.3,Макс. температура
3616,21813,2000-03-26,-17.0,Макс. температура
3616,21813,2000-04-25,-3.9,Мин. температура
3616,21813,2000-05-09,-6.1,Мин. температура
3616,21813,2000-06-16,6.7,Макс. температура
3616,21813,2000-07-20,12.5,Макс. температура
3616,21813,2000-08-13,4.3,Мин. температура
3616,21813,2000-09-03,0.3,Мин. температура
3616,21813,2000-10-17,-13.7,Мин. температура
3616,21813,2000-10-31,-19.2,Макс. температура
3616,21813,2000-11-15,-16.4,Макс. температура
3616,21813,2000-11-27,-31.0,Макс. температура
3616,21813,2000-12-11,-29.3,Макс. температура
3616,21813,2000-12-15,-45.0,Мин. температура
3616,21813,2000-12-23,-25.0,Макс. температура
3616,21813,2001-01-25,-27.3,Макс. температура
3616,21813,2001-03-04,-34.0,Мин. температура
3616,21813,2001-03-16,-29.9,Макс. температура
3616,21813,2001-05-10,-8.6,Мин. температура
3616,21813,2001-06-07,16.4,Макс. температура
3616,21813,2001-07-23,7.2,Мин. температура
3616,21813,2001-09-08,-0.2,Макс. температура
3616,21813,2001-10-04,-2.6,Мин. температура
3616,21813,2001-10-10,-5.0,Мин. температура
3616,21813,2001-11-03,-28.4,Мин. температура
3616,21813,2001-11-05,-28.3,Мин. температура
3616,21813,2001-11-18,-34.8,Мин. температура
3616,21813,2001-12-02,-10.6,Макс. температура
3616,21813,2001-12-16,-26.6,Мин. температура
3616,21813,2001-12-18,-23.4,Макс. температура
3616,21813,2002-02-12,-35.0,Макс. температура
3616,21813,2002-03-21,-18.0,Мин. температура
3616,21813,2002-03-23,-22.1,Мин. температура
3616,21813,2002-03-31,-20.2,Макс. температура
3616,21813,2002-09-02,1.4,Мин. температура
3616,21813,2002-09-07,-2.3,Мин. температура
3616,21813,2002-10-02,-12.6,Мин. температура
3616,21813,2002-10-27,-22.4,Мин. температура
3616,21813,2002-11-01,-31.0,Мин. температура
3616,21813,2002-11-26,-35.9,Мин. температура
3616,21813,2002-11-27,-31.0,Мин. температура
3616,21813,2002-12-06,-33.4,Макс. температура
3616,21813,2002-12-12,-26.4,Макс. температура
3616,21813,2002-12-20,-35.2,Макс. температура
3616,21813,2002-12-31,-41.5,Мин. температура
3616,21813,2003-01-11,-39.0,Мин. температура
3616,21813,2003-01-21,-26.0,Макс. температура
3616,21813,2003-02-20,-32.5,Макс. температура
3616,21813,2003-02-28,-41.8,Мин. температура
3616,21813,2003-04-15,-12.2,Макс. температура
3616,21813,2003-05-12,-9.2,Мин. температура
3616,21813,2003-07-09,9.8,Мин. температура
3616,21813,2003-08-26,9.9,Макс. температура
3616,21813,2003-09-15,4.3,Макс. температура
3616,21813,2003-10-08,-8.3,Макс. температура
3616,21813,2003-10-14,-3.2,Макс. температура
3616,21813,2003-11-09,-26.0,Мин. температура
3616,21813,2003-11-21,-32.8,Макс. температура
3616,21813,2004-01-18,-29.5,Макс. температура
3616,21813,2004-02-14,-45.2,Макс. температура
3616,21813,2004-02-15,-48.5,Мин. температура
3616,21813,2004-05-16,0.2,Макс. температура
3616,21813,2004-06-02,-3.3,Мин. температура
3616,21813,2004-08-04,8.0,Мин. температура
3616,21813,2004-09-19,3.0,Макс. температура
3616,21813,2004-10-04,-8.1,Макс. температура
3616,21813,1995-03-09,-17.9,Макс. температура
3616,21813,1995-03-11,-26.5,Макс. температура
3616,21813,1995-03-17,-39.2,Мин. температура
3616,21813,1995-03-29,-15.6,Макс. температура
3616,21813,1995-04-01,-8.6,Макс. температура
3616,21813,1995-04-18,-5.8,Макс. температура
3616,21813,1995-06-09,5.5,Мин. температура
3616,21813,1995-06-12,1.3,Мин. температура
3616,21813,1995-06-18,5.1,Мин. температура
3616,21813,1995-07-10,6.6,Макс. температура
3616,21813,1995-07-18,22.6,Макс. температура
3616,21813,1995-07-25,6.5,Мин. температура
3616,21813,1995-09-12,-4.6,Мин. температура
3616,21813,1995-11-21,-37.1,Мин. температура
3616,21813,1995-12-01,-18.4,Макс. температура
3616,21813,1995-12-21,-37.2,Макс. температура
3616,21813,1996-02-09,-43.6,Мин. температура
3616,21813,1996-02-17,-36.1,Мин. температура
3616,21813,1996-03-04,-45.7,Макс. температура
3616,21813,1996-03-15,-28.6,Мин. температура
3616,21813,1996-04-21,-9.7,Макс. температура
3616,21813,1996-07-10,8.2,Мин. температура
3616,21813,1996-08-03,11.8,Мин. температура
3616,21813,1996-08-17,3.6,Мин. температура
3616,21813,1996-09-18,-0.3,Макс. температура
3616,21813,1996-10-15,-1.1,Мин. температура
3616,21813,1997-02-05,-23.1,Макс. температура
3616,21813,1997-07-05,25.1,Макс. температура
3616,21813,1997-07-06,16.9,Макс. температура
3616,21813,1997-11-10,-23.8,Мин. температура
3616,21813,1997-11-17,-46.5,Мин. температура
3616,21813,1997-11-23,-43.8,Мин. температура
3616,21813,1997-11-26,-50.5,Мин. температура
3616,21813,1998-01-15,-35.9,Мин. температура
3616,21813,1998-01-21,-45.3,Мин. температура
3616,21813,1998-05-02,-20.1,Мин. температура
3616,21813,1998-05-15,-11.4,Мин. температура
3616,21813,1998-06-14,10.4,Макс. температура
3616,21813,1998-06-21,12.0,Макс. температура
3616,21813,1998-07-22,6.0,Мин. температура
3616,21813,1998-08-05,3.0,Мин. температура
3616,21813,1998-08-22,13.3,Макс. температура
3616,21813,1998-09-25,-3.7,Макс. температура
3616,21813,1998-10-19,-18.0,Макс. температура
3616,21813,1999-02-20,-23.3,Мин. температура
3616,21813,1999-03-20,-47.5,Мин. температура
3616,21813,1999-04-03,-31.6,Мин. температура
3616,21813,1999-04-18,-16.0,Макс. температура
3616,21813,1999-04-30,-7.9,Макс. температура
3616,21813,1999-07-19,7.5,Мин. температура
3616,21813,1999-09-15,-2.3,Мин. температура
3616,21813,1999-09-17,3.0,Макс. температура
3616,21813,1999-10-02,-4.0,Макс. температура
3616,21813,1999-10-20,-14.0,Макс. температура
3616,21813,1999-12-21,-17.1,Мин. температура
3616,21813,1999-12-24,-23.6,Мин. температура
3616,21813,2000-01-20,-49.8,Макс. температура
3616,21813,2000-05-05,-21.0,Мин. температура
3616,21813,2000-05-17,-7.0,Мин. температура
3616,21813,2000-05-31,7.0,Макс. температура
3616,21813,2000-08-25,1.9,Мин. температура
3616,21813,2000-09-23,2.6,Макс. температура
3616,21813,2000-09-26,1.4,Макс. температура
3616,21813,2000-10-14,-11.6,Макс. температура
3616,21813,2000-10-22,-15.8,Макс. температура
3616,21813,2001-01-30,-29.5,Макс. температура
3616,21813,2001-02-20,-35.9,Макс. температура
3616,21813,2001-05-09,-6.2,Мин. температура
3616,21813,2001-07-29,15.3,Мин. температура
3616,21813,2001-08-01,25.7,Макс. температура
3616,21813,2001-08-13,1.0,Мин. температура
3616,21813,2001-08-25,11.5,Макс. температура
3616,21813,2001-09-11,-2.4,Макс. температура
3616,21813,2001-09-20,2.0,Макс. температура
3616,21813,2001-09-27,0.2,Макс. температура
3616,21813,2001-10-09,-10.2,Мин. температура
3616,21813,2001-12-12,-23.5,Мин. температура
3616,21813,2002-01-12,-47.6,Мин. температура
3616,21813,2002-04-10,-8.4,Макс. температура
3616,21813,2002-05-13,-11.3,Макс. температура
3616,21813,2002-06-13,28.1,Макс. температура
3616,21813,2002-06-21,,Макс. температура
3616,21813,2002-06-29,,Мин. температура
3616,21813,2002-07-11,27.9,Макс. температура
3616,21813,2002-07-17,11.6,Макс. температура
3616,21813,2002-08-02,18.8,Макс. температура
3616,21813,2002-09-14,-4.6,Макс. температура
3616,21813,2002-09-16,-8.0,Макс. температура
3616,21813,2002-09-26,,Макс. температура
3616,21813,2002-10-03,-6.8,Макс. температура
3616,21813,2002-12-15,-35.2,Мин. температура
3616,21813,2002-12-24,-44.8,Мин. температура
3616,21813,2003-01-12,-29.5,Макс. температура
3616,21813,2003-02-02,-34.5,Мин. температура
3616,21813,2003-02-08,-41.3,Мин. температура
3616,21813,2003-02-19,-45.8,Мин. температура
3616,21813,2003-03-03,-45.8,Мин. температура
3616,21813,2003-06-07,1.6,Мин. температура
3616,21813,2003-06-16,11.5,Макс. температура
3616,21813,2003-07-11,8.1,Мин. температура
3616,21813,2003-07-23,11.3,Мин. температура
3616,21813,2003-09-04,4.3,Мин. температура
3616,21813,2003-11-07,-36.2,Мин. температура
3616,21813,2003-12-16,-41.3,Макс. температура
3616,21813,2004-01-27,-27.2,Макс. температура
3616,21813,2004-04-14,-19.2,Мин. температура
3616,21813,2004-04-20,,Мин. температура
3616,21813,2004-06-15,17.6,Макс. температура
3616,21813,2004-08-07,12.0,Макс. температура
3616,21813,2004-08-13,12.4,Макс. температура
3616,21813,1995-03-16,-45.6,Мин. температура
3616,21813,1995-05-11,-12.9,Мин. температура
3616,21813,1995-05-19,-6.5,Макс. температура
3616,21813,1995-07-04,3.3,Мин. температура
3616,21813,1995-07-10,2.6,Мин. температура
3616,21813,1995-07-22,19.3,Макс. температура
3616,21813,1995-08-01,13.5,Макс. температура
3616,21813,1995-10-15,-18.6,Мин. температура
3616,21813,1995-10-25,-13.9,Мин. температура
3616,21813,1995-10-27,-30.0,Мин. температура
3616,21813,1995-11-04,-37.2,Мин. температура
3616,21813,1995-12-10,-30.0,Мин. температура
3616,21813,1995-12-15,-23.5,Макс. температура
3616,21813,1996-01-21,-44.6,Мин. температура
3616,21813,1996-02-24,-36.7,Мин. температура
3616,21813,1996-03-05,-46.1,Макс. температура
3616,21813,1996-04-15,-21.0,Мин. температура
3616,21813,1996-04-27,-22.5,Мин. температура
3616,21813,1996-04-30,-6.8,Макс. температура
3616,21813,1996-05-16,0.9,Макс. температура
3616,21813,1996-06-04,0.5,Макс. температура
3616,21813,1996-08-09,6.2,Мин. температура
3616,21813,1996-08-25,3.5,Мин. температура
3616,21813,1996-09-04,8.9,Макс. температура
3616,21813,1996-09-10,0.5,Мин. температура
3616,21813,1996-11-01,-14.9,Макс. температура
3616,21813,1996-12-20,-32.5,Макс. температура
3616,21813,1997-01-11,-51.7,Мин. температура
3616,21813,1997-03-19,-23.7,Мин. температура
3616,21813,1997-11-27,-46.6,Макс. температура
3616,21813,1997-11-30,-31.6,Макс. температура
3616,21813,1997-12-20,-33.0,Макс. температура
3616,21813,1998-01-19,-28.9,Макс. температура
3616,21813,1998-01-25,-35.6,Мин. температура
3616,21813,1998-02-08,-36.0,Макс. температура
3616,21813,1998-02-24,-31.3,Мин. температура
3616,21813,1998-03-12,-26.0,Макс. температура
3616,21813,1998-03-18,-26.9,Мин. температура
3616,21813,1998-03-19,-25.7,Макс. температура
3616,21813,1998-03-19,-30.9,Мин. температура
3616,21813,1998-04-07,-10.9,Макс. температура
3616,21813,1998-04-13,-29.5,Мин. температура
3616,21813,1998-07-08,23.4,Макс. температура
3616,21813,1998-07-13,7.5,Мин. температура
3616,21813,1998-08-09,5.4,Мин. температура
3616,21813,1998-11-12,-14.2,Макс. температура
3616,21813,1998-11-20,-35.4,Макс. температура
3616,21813,1998-12-03,-18.6,Макс. температура
3616,21813,1998-12-12,-35.7,Макс. температура
3616,21813,1999-01-23,-53.5,Мин. температура
3616,21813,1999-02-14,-47.6,Мин. температура
3616,21813,1999-03-03,-24.2,Макс. температура
3616,21813,1999-03-07,-22.6,Макс. температура
3616,21813,1999-03-11,-28.0,Макс. температура
3616,21813,1999-03-24,-28.0,Макс. температура
3616,21813,1999-03-31,-26.5,Макс. температура
3616,21813,1999-04-14,-1.0,Макс. температура
3616,21813,1999-04-28,-12.2,Мин. температура
3616,21813,1999-06-09,20.6,Макс. температура
3616,21813,1999-06-15,16.5,Макс. температура
3616,21813,1999-06-30,17.8,Макс. температура
3616,21813,1999-10-08,-13.0,Мин. температура
3616,21813,1999-10-21,-18.4,Мин. температура
3616,21813,2000-04-03,-10.9,Макс. температура
3616,21813,2000-04-30,-19.1,Мин. температура
3616,21813,2000-08-29,12.2,Макс. температура
3616,21813,2000-09-05,0.6,Мин. температура
3616,21813,2000-09-14,-1.6,Мин. температура
3616,21813,2000-09-29,-5.6,Мин. температура
3616,21813,2000-12-30,-46.6,Мин. температура
3616,21813,2001-01-15,-33.0,Макс. температура
3616,21813,2001-01-16,-27.4,Макс. температура
3616,21813,2001-04-17,-27.0,Мин. температура
3616,21813,2001-04-25,-19.0,Мин. температура
3616,21813,2001-05-08,-10.1,Мин. температура
3616,21813,2001-06-16,-2.7,Мин. температура
3616,21813,2001-06-19,3.3,Мин. температура
3616,21813,2001-09-02,0.9,Мин. температура
3616,21813,2001-09-21,2.2,Макс. температура
3616,21813,2001-10-04,4.7,Макс. температура
3616,21813,2001-11-19,-28.0,Макс. температура
3616,21813,2001-11-30,-15.3,Мин. температура
3616,21813,2001-12-15,-17.9,Макс. температура
3616,21813,2001-12-23,-19.3,Макс. температура
3616,21813,2001-12-29,-50.5,Мин. температура
3616,21813,2002-01-14,-36.5,Мин. температура
3616,21813,2002-03-09,-14.8,Макс. температура
3616,21813,2002-04-06,-26.6,Мин. температура
3616,21813,2002-05-09,-14.5,Мин. температура
3616,21813,2002-06-17,,Мин. температура
3616,21813,2002-06-26,,Мин. температура
3616,21813,2002-07-08,23.8,Макс. температура
3616,21813,2002-08-19,,Макс. температура
3616,21813,2002-08-25,,Макс. температура
3616,21813,2002-10-05,-17.7,Мин. температура
3616,21813,2002-11-16,-15.4,Макс. температура
3616,21813,2002-11-18,-22.2,Макс. температура
3616,21813,2002-12-05,-30.4,Макс. температура
3616,21813,2003-01-11,-24.0,Макс. температура
3616,21813,2003-02-01,-38.7,Мин. температура
3616,21813,2003-02-24,-26.3,Мин. температура
3616,21813,2003-02-25,-20.0,Мин. температура
3616,21813,2003-03-11,-30.5,Мин. температура
3616,21813,2003-03-29,-11.0,Макс. температура
3616,21813,2003-06-03,2.0,Макс. температура
3616,21813,2003-08-28,3.0,Мин. температура
3616,21813,2003-10-06,-13.3,Мин. температура
3616,21813,2003-10-13,-1.4,Макс. температура
3616,21813,2003-11-01,-35.5,Мин. температура
3616,21813,2003-12-09,-26.6,Мин. температура
3616,21813,2004-02-02,-32.2,Макс. температура
3616,21813,2004-03-23,-19.8,Макс. температура
3616,21813,2004-05-04,-6.4,Макс. температура
3616,21813,2004-06-19,,Макс. температура
3616,21813,2004-06-26,,Мин. температура
3616,21813,2004-08-01,4.0,Мин. температура
3616,21813,2004-08-21,,Макс. температура
3616,21813,2004-09-05,4.2,Макс. температура
3616,21813,2004-09-21,0.8,Макс. температура
3616,21813,1995-05-03,-13.8,Макс. температура
3616,21813,1995-05-13,2.9,Макс. температура
3616,21813,1995-05-30,2.9,Макс. температура
3616,21813,1995-07-06,8.4,Макс. температура
3616,21813,1995-07-30,10.9,Мин. температура
3616,21813,1995-08-27,12.3,Мин. температура
3616,21813,1995-09-07,7.2,Макс. температура
3616,21813,1995-09-15,-0.5,Макс. температура
3616,21813,1995-09-18,1.6,Макс. температура
3616,21813,1995-09-20,0.6,Мин. температура
3616,21813,1995-09-21,0.2,Мин. температура
3616,21813,1995-10-03,-7.2,Мин. температура
3616,21813,1995-10-26,-18.1,Мин. температура
3616,21813,1995-11-02,-32.4,Мин. температура
3616,21813,1995-11-04,-33.8,Макс. температура
3616,21813,1995-11-18,-28.5,Мин. температура
3616,21813,1995-12-14,-34.7,Мин. температура
3616,21813,1996-01-13,-34.7,Макс. температура
3616,21813,1996-01-19,-44.7,Мин. температура
3616,21813,1996-01-29,-24.5,Макс. температура
3616,21813,1996-03-05,-54.3,Мин. температура
3616,21813,1996-03-16,-23.6,Макс. температура
3616,21813,1996-04-27,-15.4,Макс. температура
3616,21813,1996-06-06,0.6,Макс. температура
3616,21813,1996-06-20,-0.2,Мин. температура
3616,21813,1996-09-14,2.2,Макс. температура
3616,21813,1996-10-14,-5.5,Мин. температура
3616,21813,1996-10-16,-2.0,Мин. температура
3616,21813,1996-11-24,-35.8,Мин. температура
3616,21813,1996-12-02,-39.6,Мин. температура
3616,21813,1997-03-07,-25.6,Макс. температура
3616,21813,1997-03-09,-34.9,Макс. температура
3616,21813,1997-11-02,-15.4,Мин. температура
3616,21813,1997-11-07,-27.2,Макс. температура
3616,21813,1997-12-08,-31.2,Макс. температура
3616,21813,1997-12-27,-37.3,Мин. температура
3616,21813,1997-12-31,-43.2,Мин. температура
3616,21813,1998-01-18,-28.0,Макс. температура
3616,21813,1998-02-07,-44.9,Мин. температура
3616,21813,1998-02-15,-45.9,Макс. температура
3616,21813,1998-03-26,-32.0,Мин. температура
3616,21813,1998-04-04,-11.8,Макс. температура
3616,21813,1998-06-03,4.6,Макс. температура
3616,21813,1998-07-12,13.6,Макс. температура
3616,21813,1998-09-16,0.8,Макс. температура
3616,21813,1998-09-24,-3.0,Макс. температура
3616,21813,1998-10-09,-28.4,Мин. температура
3616,21813,1998-11-28,-45.8,Мин. температура
3616,21813,1999-01-20,-54.1,Мин. температура
3616,21813,1999-01-22,-54.3,Мин. температура
3616,21813,1999-02-19,-31.0,Мин. температура
3616,21813,1999-04-04,-26.2,Мин. температура
3616,21813,1999-04-23,-12.5,Макс. температура
3616,21813,1999-05-01,-4.8,Макс. температура
3616,21813,1999-06-18,7.5,Мин. температура
3616,21813,1999-07-09,6.6,Мин. температура
3616,21813,1999-08-05,9.8,Макс. температура
3616,21813,1999-08-11,3.6,Мин. температура
3616,21813,1999-08-19,6.0,Мин. температура
3616,21813,1999-09-06,15.0,Макс. температура
3616,21813,1999-09-19,5.5,Макс. температура
3616,21813,1999-10-12,-14.3,Макс. температура
3616,21813,1999-10-26,-19.9,Мин. температура
3616,21813,1999-11-13,-39.3,Мин. температура
3616,21813,2000-01-02,-33.1,Макс. температура
3616,21813,2000-02-14,-38.9,Мин. температура
3616,21813,2000-08-10,3.2,Мин. температура
3616,21813,2000-08-18,1.1,Мин. температура
3616,21813,2000-09-29,1.5,Макс. температура
3616,21813,2000-10-09,-4.5,Мин. температура
3616,21813,2000-11-04,-23.0,Макс. температура
3616,21813,2000-12-08,-45.5,Мин. температура
3616,21813,2001-01-26,-47.5,Мин. температура
3616,21813,2001-02-08,-40.3,Макс. температура
3616,21813,2001-02-13,-38.3,Мин. температура
3616,21813,2001-03-02,-23.0,Макс. температура
3616,21813,2001-04-04,-24.0,Мин. температура
3616,21813,2001-06-21,9.4,Макс. температура
3616,21813,2001-08-05,6.3,Мин. температура
3616,21813,2001-08-06,11.3,Макс. температура
3616,21813,2001-08-08,2.2,Мин. температура
3616,21813,2001-08-25,0.8,Мин. температура
3616,21813,2001-09-27,-3.3,Мин. температура
3616,21813,2001-09-28,-7.4,Мин. температура
3616,21813,2001-10-17,-8.8,Макс. температура
3616,21813,2001-10-26,-14.2,Макс. температура
3616,21813,2001-11-04,-12.2,Макс. температура
3616,21813,2002-02-17,-53.5,Мин. температура
3616,21813,2002-02-20,-25.6,Макс. температура
3616,21813,2002-02-26,-32.8,Мин. температура
3616,21813,2002-03-24,-22.3,Мин. температура
3616,21813,2002-06-28,,Мин. температура
3616,21813,2002-07-16,9.0,Мин. температура
3616,21813,2002-07-26,,Макс. температура
3616,21813,2002-07-26,,Мин. температура
3616,21813,2002-09-07,4.2,Макс. температура
3616,21813,2002-09-27,,Макс. температура
3616,21813,2002-09-29,,Мин. температура
3616,21813,2003-01-03,-40.6,Макс. температура
3616,21813,2003-01-31,-25.8,Макс. температура
3616,21813,2003-02-17,-45.4,Мин. температура
3616,21813,2003-02-23,-18.8,Макс. температура
3616,21813,2003-04-01,-25.0,Мин. температура
3616,21813,2003-06-11,4.7,Макс. температура
3616,21813,2003-08-23,7.5,Макс. температура
3616,21813,2003-09-20,3.9,Мин. температура
3616,21813,2003-10-09,-10.4,Мин. температура
3616,21813,2003-10-25,-28.5,Мин. температура
3616,21813,2003-10-30,-16.3,Макс. температура
3616,21813,2003-11-03,-17.2,Макс. температура
3616,21813,2003-11-19,-37.1,Мин. температура
3616,21813,2003-12-04,-24.8,Мин. температура
3616,21813,2003-12-05,-21.8,Мин. температура
3616,21813,2003-12-14,-35.3,Макс. температура
3616,21813,2003-12-16,-47.8,Мин. температура
3616,21813,2004-04-05,-13.8,Макс. температура
3616,21813,2004-05-30,,Мин. температура
3616,21813,2004-06-10,8.0,Макс. температура
3616,21813,2004-07-06,5.8,Мин. температура
3616,21813,1995-04-23,-12.8,Макс. температура
3616,21813,1995-07-07,4.7,Мин. температура
3616,21813,1995-07-20,25.2,Макс. температура
3616,21813,1995-08-04,6.1,Мин. температура
3616,21813,1995-09-17,1.7,Макс. температура
3616,21813,1995-10-22,-0.5,Макс. температура
3616,21813,1995-10-25,-5.9,Макс. температура
3616,21813,1996-01-10,-39.4,Мин. температура
3616,21813,1996-01-31,-22.7,Макс. температура
3616,21813,1996-02-20,-25.4,Мин. температура
3616,21813,1996-03-30,-24.7,Макс. температура
3616,21813,1996-04-26,-22.5,Мин. температура
3616,21813,1996-05-03,-21.0,Мин. температура
3616,21813,1996-05-04,2.8,Макс. температура
3616,21813,1996-06-07,1.5,Макс. температура
3616,21813,1996-07-01,1.1,Мин. температура
3616,21813,1996-07-29,1.4,Мин. температура
3616,21813,1996-08-24,4.3,Мин. температура
3616,21813,1996-09-02,0.7,Макс. температура
3616,21813,1996-11-23,-18.6,Макс. температура
3616,21813,1997-01-26,-45.0,Мин. температура
3616,21813,1997-02-16,-44.3,Мин. температура
3616,21813,1997-02-20,-41.9,Мин. температура
3616,21813,1997-02-26,-42.8,Мин. температура
3616,21813,1997-03-23,-24.2,Макс. температура
3616,21813,1997-03-28,-27.3,Макс. температура
3616,21813,1997-07-01,14.1,Мин. температура
3616,21813,1997-07-13,17.7,Мин. температура
3616,21813,1997-07-21,12.7,Макс. температура
3616,21813,1997-11-02,-10.6,Макс. температура
3616,21813,1997-11-04,-19.1,Мин. температура
3616,21813,1997-12-03,-32.7,Макс. температура
3616,21813,1997-12-26,-29.3,Макс. температура
3616,21813,1998-02-18,-40.1,Мин. температура
3616,21813,1998-03-03,-45.0,Мин. температура
3616,21813,1998-03-06,-37.0,Мин. температура
3616,21813,1998-03-21,-23.1,Макс. температура
3616,21813,1998-03-30,-22.8,Макс. температура
3616,21813,1998-04-06,-10.1,Макс. температура
3616,21813,1998-04-27,-11.3,Макс. температура
3616,21813,1998-05-06,-10.2,Макс. температура
3616,21813,1998-05-07,-4.3,Макс. температура
3616,21813,1998-06-08,-3.5,Мин. температура
3616,21813,1998-06-19,3.5,Мин. температура
3616,21813,1998-07-08,10.1,Мин. температура
3616,21813,1998-07-27,21.0,Макс. температура
3616,21813,1998-09-18,0.2,Макс. температура
3616,21813,1998-09-21,-1.8,Мин. температура
3616,21813,1998-10-08,-19.2,Макс. температура
3616,21813,1998-10-31,-31.8,Мин. температура
3616,21813,1998-11-01,-25.2,Мин. температура
3616,21813,1998-12-06,-38.8,Мин. температура
3616,21813,1998-12-11,-36.2,Макс. температура
3616,21813,1999-01-04,-44.0,Макс. температура
3616,21813,1999-02-09,-46.4,Мин. температура
3616,21813,1999-05-04,-6.1,Макс. температура
3616,21813,1999-05-12,-5.9,Мин. температура
3616,21813,1999-05-26,0.9,Макс. температура
3616,21813,1999-06-03,7.2,Макс. температура
3616,21813,1999-07-16,10.2,Мин. температура
3616,21813,1999-07-25,17.0,Макс. температура
3616,21813,1999-08-22,22.8,Макс. температура
3616,21813,1999-08-30,15.5,Макс. температура
3616,21813,1999-09-16,-1.5,Мин. температура
3616,21813,1999-10-23,-7.7,Макс. температура
3616,21813,1999-12-11,-29.5,Макс. температура
3616,21813,2000-01-08,-48.0,Мин. температура
3616,21813,2000-02-09,-26.9,Макс. температура
3616,21813,2000-03-05,-44.9,Мин. температура
3616,21813,2000-03-20,-13.0,Макс. температура
3616,21813,2000-03-22,-18.0,Макс. температура
3616,21813,2000-04-22,-7.4,Макс. температура
3616,21813,2000-04-25,4.2,Макс. температура
3616,21813,2000-05-28,6.3,Макс. температура
3616,21813,2000-06-27,6.1,Мин. температура
3616,21813,2000-08-01,13.1,Макс. температура
3616,21813,2000-08-03,6.1,Мин. температура
3616,21813,2000-08-16,8.0,Макс. температура
3616,21813,2000-09-16,0.2,Макс. температура
3616,21813,2000-09-30,3.5,Макс. температура
3616,21813,2000-10-02,3.8,Макс. температура
3616,21813,2000-10-22,-28.2,Мин. температура
3616,21813,2000-11-28,-36.5,Мин. температура
3616,21813,2000-11-30,-44.8,Мин. температура
3616,21813,2001-01-17,-31.8,Мин. температура
3616,21813,2001-02-14,-45.0,Мин. температура
3616,21813,2001-04-08,-37.0,Мин. температура
3616,21813,2001-05-04,-4.6,Макс. температура
3616,21813,2001-06-28,24.5,Макс. температура
3616,21813,2001-07-19,7.1,Мин. температура
3616,21813,2001-10-03,1.6,Макс. температура
3616,21813,2001-10-17,-15.4,Мин. температура
3616,21813,2001-12-22,-18.2,Макс. температура
3616,21813,2001-12-22,-22.3,Мин. температура
3616,21813,2002-01-18,-24.6,Макс. температура
3616,21813,2002-02-09,-38.9,Макс. температура
3616,21813,2002-02-10,-57.0,Мин. температура
3616,21813,2002-05-04,-14.6,Макс. температура
3616,21813,2002-07-05,23.4,Макс. температура
3616,21813,2002-07-19,,Мин. температура
3616,21813,2002-09-17,,Мин. температура
3616,21813,2002-10-07,-12.9,Мин. температура
3616,21813,2003-01-04,-46.5,Мин. температура
3616,21813,2003-05-23,-11.6,Мин. температура
3616,21813,2003-06-11,2.6,Мин. температура
3616,21813,2003-08-06,24.9,Макс. температура
3616,21813,2003-09-03,4.5,Мин. температура
3616,21813,2003-09-14,3.6,Макс. температура
3616,21813,2003-09-20,8.5,Макс. температура
3616,21813,2003-11-02,-30.1,Макс. температура
3616,21813,2003-12-17,-48.0,Мин. температура
3616,21813,2004-01-12,-32.0,Макс. температура
3616,21813,2004-01-25,-39.8,Мин. температура
3616,21813,2004-03-02,-40.4,Мин. температура
3616,21813,2004-05-01,-14.7,Макс. температура
3616,21813,2004-05-17,-0.4,Макс. температура
3616,21813,2004-07-04,3.9,Мин. температура
3616,21813,2004-07-18,,Макс. температура
3616,21813,2004-08-06,19.6,Макс. температура
3616,21813,1995-03-13,-30.2,Макс. температура
3616,21813,1995-05-07,-6.8,Макс. температура
3616,21813,1995-09-04,9.3,Макс. температура
3616,21813,1995-09-09,6.4,Макс. температура
3616,21813,1995-10-01,-0.6,Макс. температура
3616,21813,1995-11-13,-32.0,Мин. температура
3616,21813,1996-01-11,-41.3,Мин. температура
3616,21813,1996-02-14,-30.6,Макс. температура
3616,21813,1996-02-19,-20.2,Макс. температура
3616,21813,1996-02-27,-32.1,Мин. температура
3616,21813,1996-03-11,-21.6,Макс. температура
3616,21813,1996-03-23,-41.3,Мин. температура
3616,21813,1996-04-17,-19.5,Мин. температура
3616,21813,1996-04-19,-4.4,Макс. температура
3616,21813,1996-05-03,-2.3,Макс. температура
3616,21813,1996-05-18,-8.6,Мин. температура
3616,21813,1996-06-05,-1.9,Мин. температура
3616,21813,1996-06-23,-0.1,Мин. температура
3616,21813,1996-07-20,4.8,Мин. температура
3616,21813,1996-08-04,11.8,Мин. температура
3616,21813,1996-09-08,2.1,Макс. температура
3616,21813,1996-09-21,-6.3,Мин. температура
3616,21813,1996-10-17,-11.4,Мин. температура
3616,21813,1996-11-16,-30.0,Макс. температура
3616,21813,1997-01-20,-49.9,Мин. температура
3616,21813,1997-02-13,-37.3,Мин. температура
3616,21813,1997-03-05,-28.6,Мин. температура
3616,21813,1997-03-15,-17.4,Макс. температура
3616,21813,1997-10-10,-12.6,Мин. температура
3616,21813,1997-12-15,-30.5,Макс. температура
3616,21813,1998-01-26,-31.1,Макс. температура
3616,21813,1998-02-04,-46.0,Мин. температура
3616,21813,1998-02-25,-19.0,Макс. температура
3616,21813,1998-06-05,2.4,Макс. температура
3616,21813,1998-06-24,7.5,Макс. температура
3616,21813,1998-06-27,3.2,Мин. температура
3616,21813,1998-07-25,18.0,Макс. температура
3616,21813,1998-08-28,5.7,Макс. температура
3616,21813,1998-10-02,-16.2,Мин. температура
3616,21813,1998-10-15,-23.0,Мин. температура
3616,21813,1998-11-11,-33.7,Мин. температура
3616,21813,1999-01-11,-23.8,Макс. температура
3616,21813,1999-02-12,-46.0,Мин. температура
3616,21813,1999-02-15,-49.4,Мин. температура
3616,21813,1999-03-09,-28.2,Мин. температура
3616,21813,1999-04-13,-5.5,Макс. температура
3616,21813,1999-05-14,-5.4,Макс. температура
3616,21813,1999-05-16,2.6,Макс. температура
3616,21813,1999-05-24,0.6,Мин. температура
3616,21813,1999-07-29,5.8,Мин. температура
3616,21813,1999-07-30,4.4,Мин. температура
3616,21813,1999-09-28,-1.6,Макс. температура
3616,21813,1999-10-01,-21.6,Мин. температура
3616,21813,1999-10-16,-7.7,Макс. температура
3616,21813,1999-11-14,-29.0,Макс. температура
3616,21813,1999-12-18,-23.0,Макс. температура
3616,21813,1999-12-30,-39.5,Мин. температура
3616,21813,2000-01-25,-20.8,Мин. температура
3616,21813,2000-03-17,-19.8,Макс. температура
3616,21813,2000-05-22,9.7,Макс. температура
3616,21813,2000-05-29,-2.4,Мин. температура
3616,21813,2000-06-23,0.7,Мин. температура
3616,21813,2000-07-28,21.9,Макс. температура
3616,21813,2000-09-08,2.2,Макс. температура
3616,21813,2000-09-22,-7.4,Мин. температура
3616,21813,2000-09-24,3.4,Макс. температура
3616,21813,2000-10-30,-36.5,Мин. температура
3616,21813,2000-12-11,-41.6,Мин. температура
3616,21813,2001-03-02,-42.4,Мин. температура
3616,21813,2001-03-03,-41.0,Мин. температура
3616,21813,2001-04-28,-8.2,Макс. температура
3616,21813,2001-04-30,-1.8,Макс. температура
3616,21813,2001-07-23,23.5,Макс. температура
3616,21813,2001-07-25,10.5,Мин. температура
3616,21813,2001-09-10,-2.2,Макс. температура
3616,21813,2001-09-22,1.2,Мин. температура
3616,21813,2001-11-15,-13.2,Макс. температура
3616,21813,2002-01-15,-31.2,Макс. температура
3616,21813,2002-02-16,-20.1,Макс. температура
3616,21813,2002-03-11,-20.1,Макс. температура
3616,21813,2002-04-20,-27.0,Мин. температура
3616,21813,2002-04-22,-36.3,Мин. температура
3616,21813,2002-04-28,-24.0,Мин. температура
3616,21813,2002-05-21,-11.1,Мин. температура
3616,21813,2002-06-05,-0.7,Мин. температура
3616,21813,2002-06-10,0.5,Мин. температура
3616,21813,2002-07-03,19.5,Макс. температура
3616,21813,2002-09-20,,Мин. температура
3616,21813,2002-09-22,,Макс. температура
3616,21813,2002-10-09,-1.2,Макс. температура
3616,21813,2002-11-10,-24.6,Макс. температура
3616,21813,2002-11-14,-15.1,Макс. температура
3616,21813,2002-11-24,-20.6,Макс. температура
3616,21813,2002-11-24,-25.8,Мин. температура
3616,21813,2002-12-03,-34.6,Макс. температура
3616,21813,2002-12-25,-34.2,Макс. температура
3616,21813,2003-01-03,-46.5,Мин. температура
3616,21813,2003-01-30,-26.5,Макс. температура
3616,21813,2003-03-22,-25.6,Мин. температура
3616,21813,2003-03-30,-6.0,Макс. температура
3616,21813,2003-11-29,-37.0,Макс. температура
3616,21813,2003-12-01,-42.8,Мин. температура
3616,21813,2003-12-20,,Макс. температура
3616,21813,2004-01-14,-29.0,Макс. температура
3616,21813,2004-02-11,-51.0,Мин. температура
3616,21813,2004-02-25,-32.0,Макс. температура
3616,21813,2004-03-09,-40.2,Мин. температура
3616,21813,2004-03-12,-18.2,Макс. температура
3616,21813,2004-03-13,-29.0,Мин. температура
3616,21813,2004-04-08,-27.3,Мин. температура
3616,21813,2004-04-25,,Макс. температура
3616,21813,2004-05-05,-3.6,Макс. температура
3616,21813,2004-05-26,,Макс. температура
3616,21813,2004-05-26,,Мин. температура
3616,21813,2004-07-03,7.4,Мин. температура
3616,21813,2004-07-08,6.6,Мин. температура
3616,21813,2004-07-18,,Мин. температура
3616,21813,2004-07-19,,Макс. температура
3616,21813,2004-08-01,10.5,Макс. температура
3616,21813,1995-05-08,-8.3,Макс. температура
3616,21813,1995-06-01,-0.2,Мин. температура
3616,21813,1995-07-31,14.9,Макс. температура
3616,21813,1995-08-01,9.9,Мин. температура
3616,21813,1995-09-03,5.0,Мин. температура
3616,21813,1995-09-10,4.9,Макс. температура
3616,21813,1995-09-22,-1.9,Мин. температура
3616,21813,1995-10-18,-1.8,Макс. температура
3616,21813,1996-02-20,-21.2,Макс. температура
3616,21813,1996-06-04,-3.3,Мин. температура
3616,21813,1996-06-25,-0.5,Мин. температура
3616,21813,1996-07-20,13.2,Макс. температура
3616,21813,1996-08-19,4.9,Макс. температура
3616,21813,1996-09-06,-2.9,Мин. температура
3616,21813,1996-09-18,-4.7,Мин. температура
3616,21813,1996-10-13,0.4,Макс. температура
3616,21813,1996-12-04,-28.0,Макс. температура
3616,21813,1996-12-18,-52.4,Мин. температура
3616,21813,1996-12-19,-46.4,Макс. температура
3616,21813,1997-01-05,-37.8,Мин. температура
3616,21813,1997-02-14,-31.3,Макс. температура
3616,21813,1997-03-24,-37.3,Мин. температура
3616,21813,1997-08-01,9.3,Макс. температура
3616,21813,1997-10-20,-18.3,Мин. температура
3616,21813,1997-10-24,-28.3,Мин. температура
3616,21813,1997-12-21,-28.3,Макс. температура
3616,21813,1998-01-10,-40.0,Мин. температура
3616,21813,1998-02-28,-16.2,Макс. температура
3616,21813,1998-03-14,-31.0,Макс. температура
3616,21813,1998-04-24,-12.0,Макс. температура
3616,21813,1998-08-20,0.2,Мин. температура
3616,21813,1998-08-25,12.2,Макс. температура
3616,21813,1998-09-02,1.6,Мин. температура
3616,21813,1998-10-17,-23.4,Мин. температура
3616,21813,1998-11-19,-37.5,Мин. температура
3616,21813,1998-12-31,-38.0,Макс. температура
3616,21813,1999-03-10,-25.1,Макс. температура
3616,21813,1999-03-28,-22.9,Макс. температура
3616,21813,1999-04-19,-20.3,Мин. температура
3616,21813,1999-04-24,-27.5,Мин. температура
3616,21813,1999-06-11,21.7,Макс. температура
3616,21813,1999-07-05,14.0,Макс. температура
3616,21813,1999-07-26,13.2,Макс. температура
3616,21813,1999-08-06,8.5,Макс. температура
3616,21813,1999-09-18,5.3,Макс. температура
3616,21813,1999-11-05,-26.0,Мин. температура
3616,21813,1999-11-17,-22.7,Макс. температура
3616,21813,1999-12-23,-18.4,Макс. температура
3616,21813,2000-03-12,-19.4,Макс. температура
3616,21813,2000-03-31,-21.0,Мин. температура
3616,21813,2000-04-19,-0.2,Макс. температура
3616,21813,2000-06-16,0.7,Мин. температура
3616,21813,2000-08-05,4.9,Мин. температура
3616,21813,2000-11-02,-34.5,Мин. температура
3616,21813,2000-11-10,-34.0,Мин. температура
3616,21813,2001-01-14,-27.1,Макс. температура
3616,21813,2001-03-11,-25.4,Макс. температура
3616,21813,2001-03-25,-21.9,Макс. температура
3616,21813,2001-04-03,-35.5,Мин. температура
3616,21813,2001-04-21,-26.2,Мин. температура
3616,21813,2001-04-24,-6.2,Макс. температура
3616,21813,2001-05-01,-10.1,Мин. температура
3616,21813,2001-05-17,-4.1,Макс. температура
3616,21813,2001-06-07,1.6,Мин. температура
3616,21813,2001-07-17,9.0,Мин. температура
3616,21813,2001-08-30,14.1,Макс. температура
3616,21813,2001-10-29,-17.4,Макс. температура
3616,21813,2002-02-15,-45.0,Макс. температура
3616,21813,2002-04-18,-22.0,Мин. температура
3616,21813,2002-05-12,-17.9,Мин. температура
3616,21813,2002-07-08,0.0,Мин. температура
3616,21813,2002-09-15,-9.8,Мин. температура
3616,21813,2002-10-10,-7.1,Мин. температура
3616,21813,2002-11-12,-34.2,Мин. температура
3616,21813,2002-11-29,-30.6,Макс. температура
3616,21813,2002-12-30,-42.2,Мин. температура
3616,21813,2003-02-21,-42.2,Мин. температура
3616,21813,2003-03-06,-33.5,Макс. температура
3616,21813,2003-03-09,-26.3,Макс. температура
3616,21813,2003-04-07,-34.5,Мин. температура
3616,21813,2003-04-29,-9.3,Макс. температура
3616,21813,2003-06-18,4.3,Макс. температура
3616,21813,2003-06-21,1.4,Мин. температура
3616,21813,2003-07-26,11.1,Макс. температура
3616,21813,2003-08-22,12.9,Макс. температура
3616,21813,2003-09-04,16.1,Макс. температура
3616,21813,2003-10-15,-15.8,Мин. температура
3616,21813,2003-11-11,-24.4,Макс. температура
3616,21813,2003-11-30,-40.0,Макс. температура
3616,21813,2003-11-30,-42.8,Мин. температура
3616,21813,2003-12-15,-47.3,Мин. температура
3616,21813,2004-01-03,-48.9,Макс. температура
3616,21813,2004-01-09,-31.2,Макс. температура
3616,21813,2004-04-21,,Мин. температура
3616,21813,2004-04-22,,Макс. температура
3616,21813,2004-04-23,,Мин. температура
3616,21813,2004-04-29,,Мин. температура
3616,21813,2004-05-02,-8.8,Макс. температура
3616,21813,2004-05-07,-14.5,Мин. температура
3616,21813,2004-06-17,,Макс. температура
3616,21813,2004-09-10,8.2,Макс. температура
3616,21813,2004-09-21,-0.2,Мин. температура
3616,21813,2004-10-16,-22.2,Макс. температура
3616,21813,2004-10-27,,Макс. температура
3616,21813,2004-11-03,-28.0,Мин. температура
3616,21813,2004-11-04,-23.1,Макс. температура
3616,21813,2004-12-06,-42.2,Макс. температура
3616,21813,1995-03-01,-41.1,Мин. температура
3616,21813,1995-03-17,-26.4,Макс. температура
3616,21813,1995-04-25,-23.2,Мин. температура
3616,21813,1995-06-14,5.3,Мин. температура
3616,21813,1995-06-27,14.9,Макс. температура
3616,21813,1995-08-05,11.1,Макс. температура
3616,21813,1995-08-19,2.9,Мин. температура
3616,21813,1995-08-26,7.2,Мин. температура
3616,21813,1995-08-28,12.8,Мин. температура
3616,21813,1995-10-24,-13.1,Макс. температура
3616,21813,1995-12-19,-33.2,Макс. температура
3616,21813,1996-01-09,-34.4,Мин. температура
3616,21813,1996-02-19,-29.1,Мин. температура
3616,21813,1996-03-23,-22.5,Макс. температура
3616,21813,1996-04-06,-17.6,Макс. температура
3616,21813,1996-04-08,-17.1,Макс. температура
3616,21813,1996-04-08,-25.1,Мин. температура
3616,21813,1996-05-11,-4.1,Мин. температура
3616,21813,1996-06-05,0.6,Макс. температура
3616,21813,1996-07-14,9.0,Макс. температура
3616,21813,1996-10-16,0.8,Макс. температура
3616,21813,1996-10-23,-27.6,Мин. температура
3616,21813,1996-12-17,-41.8,Макс. температура
3616,21813,1997-01-19,-27.9,Макс. температура
3616,21813,1997-02-07,-51.0,Мин. температура
3616,21813,1997-11-13,-25.9,Макс. температура
3616,21813,1997-12-12,-27.3,Мин. температура
3616,21813,1997-12-29,-41.9,Мин. температура
3616,21813,1998-01-24,-17.0,Макс. температура
3616,21813,1998-03-10,-25.0,Мин. температура
3616,21813,1998-04-29,-14.2,Макс. температура
3616,21813,1998-08-14,9.8,Мин. температура
3616,21813,1998-09-18,-4.7,Мин. температура
3616,21813,1998-11-07,-23.4,Макс. температура
3616,21813,1999-02-02,-24.1,Макс. температура
3616,21813,1999-03-01,-27.8,Макс. температура
3616,21813,1999-04-25,-25.2,Мин. температура
3616,21813,1999-06-29,16.5,Макс. температура
3616,21813,1999-08-09,1.8,Мин. температура
3616,21813,1999-08-25,16.8,Макс. температура
3616,21813,1999-10-25,-27.1,Мин. температура
3616,21813,1999-12-08,-45.0,Мин. температура
3616,21813,1999-12-09,-45.3,Мин. температура
3616,21813,2000-02-03,-24.0,Мин. температура
3616,21813,2000-04-14,-16.0,Мин. температура
3616,21813,2000-08-11,2.0,Мин. температура
3616,21813,2000-08-30,10.5,Макс. температура
3616,21813,2000-10-02,-5.0,Мин. температура
3616,21813,2000-10-26,-25.4,Мин. температура
3616,21813,2000-11-09,-26.9,Макс. температура
3616,21813,2000-11-17,-14.0,Макс. температура
3616,21813,2000-12-13,-24.8,Макс. температура
3616,21813,2001-01-06,-40.6,Макс. температура
3616,21813,2001-01-29,-53.5,Мин. температура
3616,21813,2001-02-13,-29.5,Макс. температура
3616,21813,2001-02-28,-40.0,Мин. температура
3616,21813,2001-03-04,-24.5,Макс. температура
3616,21813,2001-03-11,-41.5,Мин. температура
3616,21813,2001-03-26,-31.1,Мин. температура
3616,21813,2001-04-12,-26.6,Мин. температура
3616,21813,2001-07-14,6.7,Мин. температура
3616,21813,2001-07-22,7.6,Мин. температура
3616,21813,2001-07-29,23.7,Макс. температура
3616,21813,2002-01-14,-34.4,Макс. температура
3616,21813,2002-04-07,-21.0,Мин. температура
3616,21813,2002-04-17,-14.1,Макс. температура
3616,21813,2002-06-04,-2.5,Мин. температура
3616,21813,2002-06-30,,Мин. температура
3616,21813,2002-07-01,8.6,Макс. температура
3616,21813,2002-07-06,7.0,Мин. температура
3616,21813,2002-07-11,3.7,Мин. температура
3616,21813,2002-09-12,2.6,Макс. температура
3616,21813,2002-09-16,-17.4,Мин. температура
3616,21813,2002-10-15,-9.2,Макс. температура
3616,21813,2002-12-06,-44.5,Мин. температура
3616,21813,2003-02-14,-44.3,Мин. температура
3616,21813,2003-02-21,-37.2,Макс. температура
3616,21813,2003-03-07,-43.6,Мин. температура
3616,21813,2003-03-10,-30.2,Мин. температура
3616,21813,2003-03-24,-14.0,Макс. температура
3616,21813,2003-04-02,-9.5,Макс. температура
3616,21813,2003-05-19,0.4,Макс. температура
3616,21813,2003-05-21,-8.4,Мин. температура
3616,21813,2003-06-08,0.2,Мин. температура
3616,21813,2003-06-30,10.7,Макс. температура
3616,21813,2003-08-30,1.0,Мин. температура
3616,21813,2003-09-11,-0.5,Мин. температура
3616,21813,2003-10-01,-5.4,Мин. температура
3616,21813,2004-01-26,-26.3,Макс. температура
3616,21813,2004-02-01,-33.0,Макс. температура
3616,21813,2004-03-21,-32.2,Макс. температура
3616,21813,2004-04-28,,Мин. температура
3616,21813,2004-05-13,-3.6,Мин. температура
3616,21813,2004-05-25,,Макс. температура
3616,21813,2004-06-09,1.6,Мин. температура
3616,21813,2004-07-29,,Макс. температура
3616,21813,1995-04-11,-13.4,Макс. температура
3616,21813,1995-04-16,-25.3,Мин. температура
3616,21813,1995-06-17,10.1,Макс. температура
3616,21813,1995-10-03,-1.2,Макс. температура
3616,21813,1995-11-08,-24.6,Макс. температура
3616,21813,1995-11-11,-21.4,Макс. температура
3616,21813,1995-12-17,-36.0,Мин. температура
3616,21813,1996-01-15,-49.1,Мин. температура
3616,21813,1996-02-05,-43.0,Мин. температура
3616,21813,1996-02-08,-23.7,Макс. температура
3616,21813,1996-03-07,-35.0,Макс. температура
3616,21813,1996-03-12,-36.5,Мин. температура
3616,21813,1996-03-17,-35.4,Мин. температура
3616,21813,1996-03-18,-34.6,Мин. температура
3616,21813,1996-03-21,-33.5,Мин. температура
3616,21813,1996-04-16,-12.4,Макс. температура
3616,21813,1996-05-13,-1.7,Макс. температура
3616,21813,1996-07-01,7.8,Макс. температура
3616,21813,1996-07-09,17.6,Макс. температура
3616,21813,1996-09-28,-11.2,Мин. температура
3616,21813,1996-10-07,-7.3,Макс. температура
3616,21813,1996-10-13,-0.8,Мин. температура
3616,21813,1996-12-04,-37.3,Мин. температура
3616,21813,1997-07-06,7.9,Мин. температура
3616,21813,1997-07-21,5.9,Мин. температура
3616,21813,1997-12-11,-25.2,Макс. температура
3616,21813,1997-12-23,-20.5,Макс. температура
3616,21813,1997-12-26,-30.7,Мин. температура
3616,21813,1998-01-09,-41.5,Мин. температура
3616,21813,1998-02-11,-45.3,Мин. температура
3616,21813,1998-02-24,-18.8,Макс. температура
3616,21813,1998-03-05,-21.7,Макс. температура
3616,21813,1998-03-10,-15.8,Макс. температура
3616,21813,1998-03-11,-31.2,Мин. температура
3616,21813,1998-04-02,-29.0,Мин. температура
3616,21813,1998-04-12,-18.0,Макс. температура
3616,21813,1998-04-27,-15.4,Мин. температура
3616,21813,1998-05-19,-10.0,Мин. температура
3616,21813,1998-05-24,-1.8,Мин. температура
3616,21813,1998-08-20,5.5,Макс. температура
3616,21813,1998-09-01,-0.4,Мин. температура
3616,21813,1998-09-22,-3.5,Мин. температура
3616,21813,1998-10-30,-16.5,Макс. температура
3616,21813,1998-11-19,-17.8,Макс. температура
3616,21813,1998-12-11,-48.7,Мин. температура
3616,21813,1998-12-30,-29.6,Макс. температура
3616,21813,1999-01-25,-47.5,Мин. температура
3616,21813,1999-03-01,-34.8,Мин. температура
3616,21813,1999-05-09,-1.2,Макс. температура
3616,21813,1999-10-24,-6.2,Макс. температура
3616,21813,1999-10-24,-24.9,Мин. температура
3616,21813,1999-11-24,-28.0,Мин. температура
3616,21813,2000-02-09,-37.3,Мин. температура
3616,21813,2000-10-06,-2.3,Макс. температура
3616,21813,2000-10-19,-20.3,Мин. температура
3616,21813,2000-10-31,-25.0,Мин. температура
3616,21813,2000-12-10,-21.7,Макс. температура
3616,21813,2000-12-16,-45.1,Мин. температура
3616,21813,2001-01-10,-26.3,Макс. температура
3616,21813,2001-03-22,-44.5,Мин. температура
3616,21813,2001-05-04,-14.5,Мин. температура
3616,21813,2001-05-14,-3.6,Макс. температура
3616,21813,2001-05-16,-5.2,Макс. температура
3616,21813,2001-06-08,19.0,Макс. температура
3616,21813,2001-06-15,2.4,Макс. температура
3616,21813,2001-06-20,13.0,Макс. температура
3616,21813,2001-07-18,11.1,Мин. температура
3616,21813,2001-09-10,-9.6,Мин. температура
3616,21813,2001-09-11,-6.2,Мин. температура
3616,21813,2001-10-01,-6.0,Мин. температура
3616,21813,2001-11-22,-34.2,Макс. температура
3616,21813,2001-12-30,-52.6,Мин. температура
3616,21813,2002-04-19,-14.4,Макс. температура
3616,21813,2002-04-24,-4.1,Макс. температура
3616,21813,2002-05-27,-7.7,Мин. температура
3616,21813,2002-06-09,15.5,Макс. температура
3616,21813,2002-06-11,23.8,Макс. температура
3616,21813,2002-06-16,25.7,Макс. температура
3616,21813,2002-07-27,,Макс. температура
3616,21813,2002-10-23,-7.6,Макс. температура
3616,21813,2002-11-07,-28.2,Макс. температура
3616,21813,2002-11-12,-28.6,Макс. температура
3616,21813,2003-01-09,-48.6,Мин. температура
3616,21813,2003-01-18,-44.3,Мин. температура
3616,21813,2003-04-16,-29.0,Мин. температура
3616,21813,2003-05-21,-6.2,Макс. температура
3616,21813,2003-07-03,6.1,Мин. температура
3616,21813,2003-07-12,7.4,Мин. температура
3616,21813,2003-07-21,6.8,Мин. температура
3616,21813,2003-08-17,6.5,Мин. температура
3616,21813,2003-09-19,9.3,Макс. температура
3616,21813,2003-09-23,5.3,Макс. температура
3616,21813,2003-10-08,-11.0,Мин. температура
3616,21813,2003-10-19,-20.3,Мин. температура
3616,21813,2003-10-24,-30.2,Мин. температура
3616,21813,2003-11-18,-21.5,Макс. температура
3616,21813,2003-11-18,-35.0,Мин. температура
3616,21813,2003-11-20,-30.0,Макс. температура
3616,21813,2003-11-23,-33.3,Макс. температура
3616,21813,2003-11-25,-21.2,Макс. температура
3616,21813,2004-01-08,-33.2,Макс. температура
3616,21813,2004-02-05,-42.2,Макс. температура
3616,21813,2004-02-10,-51.3,Мин. температура
3616,21813,2004-03-01,-26.0,Макс. температура
3616,21813,2004-09-10,2.8,Мин. температура
3616,21813,2004-09-19,0.6,Мин. температура
3616,21813,2004-09-23,1.0,Макс. температура
3616,21813,2004-10-09,-18.5,Мин. температура
3616,21813,2004-10-24,,Макс. температура
3616,21813,2004-10-24,,Мин. температура
3616,21813,1995-07-26,16.7,Макс. температура
3616,21813,1995-09-25,-1.1,Макс. температура
3616,21813,1995-10-31,-14.1,Макс. температура
3616,21813,1995-11-12,-30.2,Мин. температура
3616,21813,1995-12-04,-27.2,Макс. температура
3616,21813,1996-03-22,-40.7,Мин. температура
3616,21813,1996-04-05,-16.1,Макс. температура
3616,21813,1996-05-01,-20.6,Мин. температура
3616,21813,1996-05-20,2.6,Макс. температура
3616,21813,1996-07-24,7.9,Макс. температура
3616,21813,1996-08-05,21.8,Макс. температура
3616,21813,1996-08-13,13.2,Макс. температура
3616,21813,1996-08-16,4.9,Мин. температура
3616,21813,1996-10-04,-9.6,Макс. температура
3616,21813,1996-10-11,0.1,Макс. температура
3616,21813,1996-11-01,-21.1,Мин. температура
3616,21813,1997-01-07,-35.8,Мин. температура
3616,21813,1997-10-13,-5.6,Мин. температура
3616,21813,1997-10-23,-12.5,Макс. температура
3616,21813,1997-11-20,-33.4,Макс. температура
3616,21813,1997-11-22,-37.3,Макс. температура
3616,21813,1998-01-02,-22.9,Макс. температура
3616,21813,1998-02-05,-37.0,Мин. температура
3616,21813,1998-02-22,-22.1,Макс. температура
3616,21813,1998-07-05,14.0,Макс. температура
3616,21813,1998-07-07,8.2,Мин. температура
3616,21813,1998-08-10,3.8,Мин. температура
3616,21813,1998-10-24,-11.7,Мин. температура
3616,21813,1998-11-15,-23.6,Мин. температура
3616,21813,1999-02-13,-44.8,Мин. температура
3616,21813,1999-03-15,-35.5,Макс. температура
3616,21813,1999-04-11,-30.1,Мин. температура
3616,21813,1999-06-23,16.6,Макс. температура
3616,21813,1999-06-26,10.5,Макс. температура
3616,21813,1999-06-26,2.5,Мин. температура
3616,21813,1999-06-27,3.3,Мин. температура
3616,21813,1999-08-08,2.0,Мин. температура
3616,21813,1999-08-18,8.8,Макс. температура
3616,21813,1999-09-13,0.6,Мин. температура
3616,21813,1999-09-14,2.5,Макс. температура
3616,21813,2000-01-13,-48.9,Мин. температура
3616,21813,2000-02-11,-38.7,Мин. температура
3616,21813,2000-03-19,-21.0,Мин. температура
3616,21813,2000-05-06,-16.4,Мин. температура
3616,21813,2000-05-31,1.0,Мин. температура
3616,21813,2000-07-26,24.3,Макс. температура
3616,21813,2000-09-20,-4.4,Мин. температура
3616,21813,2000-10-08,-1.6,Макс. температура
3616,21813,2000-11-19,-15.0,Макс. температура
3616,21813,2000-12-17,-46.1,Мин. температура
3616,21813,2001-02-18,-34.0,Макс. температура
3616,21813,2001-02-22,-44.5,Мин. температура
3616,21813,2001-04-01,-30.5,Макс. температура
3616,21813,2001-04-01,-39.0,Мин. температура
3616,21813,2001-04-05,-30.1,Мин. температура
3616,21813,2001-05-15,-7.5,Мин. температура
3616,21813,2001-06-03,-3.7,Мин. температура
3616,21813,2001-06-12,16.7,Макс. температура
3616,21813,2001-06-17,7.9,Макс. температура
3616,21813,2001-12-20,-18.5,Макс. температура
3616,21813,2002-01-11,-37.8,Макс. температура
3616,21813,2002-02-25,-30.6,Макс. температура
3616,21813,2002-03-01,-44.0,Мин. температура
3616,21813,2002-06-22,,Мин. температура
3616,21813,2002-07-02,6.5,Мин. температура
3616,21813,2002-07-10,1.4,Мин. температура
3616,21813,2002-07-14,18.4,Макс. температура
3616,21813,2002-07-24,,Макс. температура
3616,21813,2002-08-19,,Мин. температура
3616,21813,2002-10-13,-9.7,Мин. температура
3616,21813,2002-11-02,-17.4,Макс. температура
3616,21813,2003-02-19,-28.6,Макс. температура
3616,21813,2003-03-05,-21.3,Макс. температура
3616,21813,2003-03-17,-8.3,Макс. температура
3616,21813,2003-05-05,-14.0,Мин. температура
3616,21813,2003-07-25,15.3,Макс. температура
3616,21813,2003-07-26,5.1,Мин. температура
3616,21813,2003-09-05,14.9,Макс. температура
3616,21813,2003-10-04,-8.0,Макс. температура
3616,21813,2003-10-17,-18.6,Мин. температура
3616,21813,2003-11-13,-22.2,Макс. температура
3616,21813,2003-12-13,-31.5,Макс. температура
3616,21813,2003-12-24,,Мин. температура
3616,21813,2004-01-13,-38.4,Макс. температура
3616,21813,2004-01-28,-33.2,Макс. температура
3616,21813,2004-03-03,-42.0,Мин. температура
3616,21813,2004-05-27,,Макс. температура
3616,21813,2004-06-12,2.3,Мин. температура
3616,21813,2004-06-16,5.6,Макс. температура
3616,21813,2004-09-18,3.2,Макс. температура
3616,21813,2004-10-14,-31.5,Мин. температура
3616,21813,2004-11-11,-35.7,Мин. температура
3616,21813,2004-11-18,,Мин. температура
3616,21813,2004-12-24,,Макс. температура
3616,21813,1995-03-21,-33.2,Макс. температура
3616,21813,1995-03-28,-26.6,Мин. температура
3616,21813,1995-04-10,-18.4,Макс. температура
3616,21813,1995-04-11,-23.9,Мин. температура
3616,21813,1995-05-23,-7.7,Мин. температура
3616,21813,1995-06-04,18.4,Макс. температура
3616,21813,1995-06-04,6.2,Мин. температура
3616,21813,1995-06-23,5.1,Мин. температура
3616,21813,1995-07-17,21.0,Макс. температура
3616,21813,1995-07-26,6.6,Мин. температура
3616,21813,1995-09-07,2.6,Мин. температура
3616,21813,1995-11-16,-15.7,Макс. температура
3616,21813,1995-11-25,-33.3,Мин. температура
3616,21813,1995-12-02,-40.9,Мин. температура
3616,21813,1995-12-13,-25.2,Макс. температура
3616,21813,1996-01-15,-33.4,Макс. температура
3616,21813,1996-01-20,-29.4,Макс. температура
3616,21813,1996-04-16,-18.3,Мин. температура
3616,21813,1996-05-21,-1.7,Макс. температура
3616,21813,1996-06-11,-3.2,Мин. температура
3616,21813,1996-06-16,-3.2,Мин. температура
3616,21813,1996-09-11,0.2,Мин. температура
3616,21813,1996-09-13,1.5,Макс. температура
3616,21813,1996-11-09,-40.3,Мин. температура
3616,21813,1996-11-26,-41.0,Мин. температура
3616,21813,1996-12-03,-30.8,Макс. температура
3616,21813,1996-12-31,-28.2,Макс. температура
3616,21813,1997-01-15,-33.1,Макс. температура
3616,21813,1997-02-12,-31.3,Макс. температура
3616,21813,1997-07-18,6.1,Мин. температура
3616,21813,1997-10-03,-4.8,Мин. температура
3616,21813,1997-11-15,-30.1,Макс. температура
3616,21813,1997-11-16,-34.6,Макс. температура
3616,21813,1997-12-29,-37.8,Макс. температура
3616,21813,1998-02-01,-43.7,Мин. температура
3616,21813,1998-03-27,-24.4,Макс. температура
3616,21813,1998-03-27,-30.8,Мин. температура
3616,21813,1998-04-10,-16.2,Макс. температура
3616,21813,1998-04-16,-10.0,Макс. температура
3616,21813,1998-06-16,0.0,Мин. температура
3616,21813,1998-06-25,7.4,Макс. температура
3616,21813,1998-07-14,10.6,Мин. температура
3616,21813,1998-09-10,1.8,Макс. температура
3616,21813,1998-09-20,-3.2,Мин. температура
3616,21813,1998-11-05,-29.9,Макс. температура
3616,21813,1998-12-02,-41.3,Мин. температура
3616,21813,1998-12-22,-21.1,Макс. температура
3616,21813,1999-03-10,-37.1,Мин. температура
3616,21813,1999-03-14,-41.8,Мин. температура
3616,21813,1999-04-03,-10.4,Макс. температура
3616,21813,1999-05-04,-13.5,Мин. температура
3616,21813,1999-05-06,-6.5,Макс. температура
3616,21813,1999-06-05,11.9,Макс. температура
3616,21813,1999-07-26,7.5,Мин. температура
3616,21813,1999-08-21,2.5,Мин. температура
3616,21813,1999-08-24,14.3,Мин. температура
3616,21813,1999-08-27,21.2,Макс. температура
3616,21813,1999-08-28,22.3,Макс. температура
3616,21813,1999-10-05,-3.5,Макс. температура
3616,21813,1999-10-30,-18.5,Макс. температура
3616,21813,1999-11-12,-34.8,Мин. температура
3616,21813,1999-12-27,-16.5,Макс. температура
3616,21813,2000-01-09,-47.5,Мин. температура
3616,21813,2000-02-12,-39.6,Мин. температура
3616,21813,2000-02-18,-37.9,Мин. температура
3616,21813,2000-02-19,-39.0,Мин. температура
3616,21813,2000-02-20,-38.6,Мин. температура
3616,21813,2000-03-26,-34.6,Мин. температура
3616,21813,2000-04-13,-19.8,Мин. температура
3616,21813,2000-05-17,-0.4,Макс. температура
3616,21813,2000-06-15,7.0,Макс. температура
3616,21813,2000-07-23,18.4,Макс. температура
3616,21813,2000-08-12,1.8,Мин. температура
3616,21813,2000-08-19,8.2,Макс. температура
3616,21813,2000-08-23,0.3,Мин. температура
3616,21813,2000-10-15,-14.6,Мин. температура
3616,21813,2000-12-19,-43.0,Мин. температура
3616,21813,2001-01-18,-25.4,Макс. температура
3616,21813,2001-01-21,-25.0,Макс. температура
3616,21813,2001-03-01,-37.5,Мин. температура
3616,21813,2001-03-12,-40.0,Мин. температура
3616,21813,2001-05-03,-13.1,Мин. температура
3616,21813,2001-06-23,3.4,Мин. температура
3616,21813,2001-08-10,2.2,Мин. температура
3616,21813,2001-08-14,16.1,Макс. температура
3616,21813,2001-09-12,-9.6,Мин. температура
3616,21813,2001-09-23,-0.2,Мин. температура
3616,21813,2001-09-24,1.7,Макс. температура
3616,21813,2001-11-04,-30.0,Мин. температура
3616,21813,2001-12-03,-46.0,Мин. температура
3616,21813,2001-12-08,-38.5,Мин. температура
3616,21813,2001-12-10,-24.0,Макс. температура
3616,21813,2002-01-16,-44.1,Мин. температура
3616,21813,2002-01-25,-51.6,Мин. температура
3616,21813,2002-03-25,-17.6,Макс. температура
3616,21813,2002-03-28,-31.5,Мин. температура
3616,21813,2002-04-12,-28.7,Мин. температура
3616,21813,2002-05-08,-9.6,Макс. температура
3616,21813,2002-06-14,9.5,Мин. температура
3616,21813,2002-06-20,,Мин. температура
3616,21813,2002-07-27,,Мин. температура
3616,21813,2002-08-08,8.0,Мин. температура
3616,21813,2002-08-23,,Мин. температура
3616,21813,2002-08-28,,Мин. температура
3616,21813,2002-08-30,,Макс. температура
3616,21813,2002-09-30,,Макс. температура
3616,21813,2002-10-08,-4.6,Мин. температура
3616,21813,2002-10-18,-9.4,Макс. температура
3616,21813,2002-11-20,-19.2,Макс. температура
3616,21813,2002-11-28,-20.2,Макс. температура
3616,21813,2002-12-24,-30.2,Макс. температура
3616,21813,2003-01-16,-43.8,Мин. температура
3616,21813,2003-04-03,-23.0,Макс. температура
3616,21813,2003-04-08,-18.5,Макс. температура
3616,21813,2003-05-02,-17.8,Мин. температура
3616,21813,2003-06-03,-3.8,Мин. температура
3616,21813,2003-06-25,2.2,Мин. температура
3616,21813,2003-07-19,12.9,Мин. температура
3616,21813,2003-08-02,8.3,Мин. температура
3616,21813,1995-06-01,10.1,Макс. температура
3616,21813,1995-06-20,13.8,Макс. температура
3616,21813,1995-06-30,23.3,Макс. температура
3616,21813,1995-07-01,13.9,Мин. температура
3616,21813,1995-07-16,13.2,Мин. температура
3616,21813,1995-08-07,7.2,Мин. температура
3616,21813,1995-08-17,-1.3,Мин. температура
3616,21813,1995-08-25,5.3,Мин. температура
3616,21813,1995-08-29,13.8,Макс. температура
3616,21813,1995-10-06,-2.2,Макс. температура
3616,21813,1995-10-08,-8.6,Мин. температура
3616,21813,1995-10-13,-12.6,Мин. температура
3616,21813,1995-12-24,-29.6,Макс. температура
3616,21813,1996-01-26,-41.5,Мин. температура
3616,21813,1996-02-02,-30.6,Макс. температура
3616,21813,1996-06-02,0.2,Макс. температура
3616,21813,1996-11-15,-41.5,Мин. температура
3616,21813,1996-11-29,-27.1,Макс. температура
3616,21813,1996-12-07,-50.4,Мин. температура
3616,21813,1996-12-14,-30.4,Макс. температура
3616,21813,1996-12-25,-34.7,Макс. температура
3616,21813,1997-01-31,-21.3,Макс. температура
3616,21813,1997-02-24,-45.5,Мин. температура
3616,21813,1997-11-14,-39.7,Мин. температура
3616,21813,1997-12-10,-27.6,Макс. температура
3616,21813,1997-12-14,-27.2,Макс. температура
3616,21813,1998-04-22,-28.2,Мин. температура
3616,21813,1998-05-02,-11.6,Макс. температура
3616,21813,1998-09-01,5.0,Макс. температура
3616,21813,1998-11-23,-39.0,Макс. температура
3616,21813,1998-12-04,-17.5,Макс. температура
3616,21813,1999-01-19,-50.5,Мин. температура
3616,21813,1999-02-05,-26.3,Макс. температура
3616,21813,1999-06-02,2.6,Макс. температура
3616,21813,1999-07-27,8.5,Мин. температура
3616,21813,1999-09-24,-10.5,Мин. температура
3616,21813,1999-10-26,-11.0,Макс. температура
3616,21813,1999-11-01,-33.4,Мин. температура
3616,21813,2000-01-23,-50.2,Мин. температура
3616,21813,2000-01-28,-35.0,Мин. температура
3616,21813,2000-01-29,-31.9,Мин. температура
3616,21813,2000-03-14,-35.4,Мин. температура
3616,21813,2000-04-14,-8.7,Макс. температура
3616,21813,2000-10-16,-16.2,Мин. температура
3616,21813,2000-11-24,-26.6,Мин. температура
3616,21813,2000-12-04,-30.9,Макс. температура
3616,21813,2000-12-09,-38.4,Макс. температура
3616,21813,2001-01-28,-43.5,Макс. температура
3616,21813,2001-02-16,-45.5,Мин. температура
3616,21813,2001-03-09,-41.0,Мин. температура
3616,21813,2001-03-17,-28.5,Макс. температура
3616,21813,2001-04-20,-14.5,Макс. температура
3616,21813,2001-05-21,3.0,Макс. температура
3616,21813,2001-05-26,-5.2,Мин. температура
3616,21813,2001-05-27,-1.1,Макс. температура
3616,21813,2001-06-01,-1.6,Мин. температура
3616,21813,2001-07-12,26.8,Макс. температура
3616,21813,2001-08-18,14.8,Макс. температура
3616,21813,2001-08-20,9.3,Макс. температура
3616,21813,2001-09-14,-4.8,Мин. температура
3616,21813,2001-11-09,-16.6,Макс. температура
3616,21813,2001-11-29,-28.8,Мин. температура
3616,21813,2002-01-02,-53.1,Мин. температура
3616,21813,2002-01-19,-50.8,Мин. температура
3616,21813,2002-02-15,-53.1,Мин. температура
3616,21813,2002-02-18,-29.6,Мин. температура
3616,21813,2002-03-01,-25.7,Макс. температура
3616,21813,2002-03-04,-19.1,Макс. температура
3616,21813,2002-03-27,-29.1,Мин. температура
3616,21813,2002-05-18,-4.8,Макс. температура
3616,21813,2002-06-17,,Макс. температура
3616,21813,2002-10-30,-18.6,Макс. температура
3616,21813,2003-01-16,-29.0,Макс. температура
3616,21813,2003-01-22,-37.5,Мин. температура
3616,21813,2003-02-11,-25.5,Макс. температура
3616,21813,2003-03-10,-24.3,Макс. температура
3616,21813,2003-04-05,-25.4,Макс. температура
3616,21813,2003-04-08,-30.2,Мин. температура
3616,21813,2003-05-01,-3.8,Макс. температура
3616,21813,2003-05-09,-0.4,Макс. температура
3616,21813,2003-07-02,15.3,Макс. температура
3616,21813,2003-07-06,16.3,Макс. температура
3616,21813,2003-07-25,6.9,Мин. температура
3616,21813,2003-10-31,-16.3,Макс. температура
3616,21813,2003-12-08,-16.3,Макс. температура
3616,21813,2003-12-11,-20.0,Макс. температура
3616,21813,2004-01-31,-31.3,Макс. температура
3616,21813,2004-02-19,-35.2,Макс. температура
3616,21813,2004-02-22,-37.3,Макс. температура
3616,21813,2004-02-22,-43.5,Мин. температура
3616,21813,2004-03-20,-30.2,Макс. температура
3616,21813,2004-04-02,-23.5,Мин. температура
3616,21813,2004-05-06,-8.4,Макс. температура
3616,21813,2004-05-12,2.4,Макс. температура
3616,21813,2004-05-23,,Мин. температура
3616,21813,2004-06-14,12.7,Макс. температура
3616,21813,2004-09-28,-8.0,Мин. температура
3616,21813,1995-03-05,-37.6,Мин. температура
3616,21813,1995-03-13,-40.0,Мин. температура
3616,21813,1995-03-26,-27.7,Мин. температура
3616,21813,1995-04-07,-29.0,Мин. температура
3616,21813,1995-04-18,-20.1,Мин. температура
3616,21813,1995-06-14,21.1,Макс. температура
3616,21813,1995-06-24,12.8,Макс. температура
3616,21813,1995-07-03,10.7,Макс. температура
3616,21813,1995-07-07,7.8,Макс. температура
3616,21813,1995-07-31,9.7,Мин. температура
3616,21813,1995-09-03,9.8,Макс. температура
3616,21813,1995-09-10,-0.8,Мин. температура
3616,21813,1995-09-13,0.4,Макс. температура
3616,21813,1995-10-09,-3.0,Макс. температура
3616,21813,1995-11-07,-34.6,Мин. температура
3616,21813,1995-11-17,-25.7,Макс. температура
3616,21813,1996-01-01,-43.1,Мин. температура
3616,21813,1996-01-02,-48.5,Мин. температура
3616,21813,1996-01-06,-47.3,Мин. температура
3616,21813,1996-03-27,-31.3,Мин. температура
3616,21813,1996-04-29,-10.6,Макс. температура
3616,21813,1996-05-25,-8.8,Мин. температура
3616,21813,1996-06-01,-8.0,Мин. температура
3616,21813,1996-08-16,16.6,Макс. температура
3616,21813,1996-10-28,-18.2,Макс. температура
3616,21813,1996-11-17,-17.7,Макс. температура
3616,21813,1997-02-10,-26.2,Макс. температура
3616,21813,1997-02-19,-32.1,Макс. температура
3616,21813,1997-03-21,-24.2,Макс. температура
3616,21813,1997-03-25,-40.1,Мин. температура
3616,21813,1997-03-30,-21.7,Макс. температура
3616,21813,1997-08-01,4.1,Мин. температура
3616,21813,1997-10-10,-6.5,Макс. температура
3616,21813,1997-10-21,-6.8,Макс. температура
3616,21813,1997-10-31,-6.0,Макс. температура
3616,21813,1997-11-11,-27.3,Мин. температура
3616,21813,1997-12-20,-40.1,Мин. температура
3616,21813,1998-01-11,-38.8,Мин. температура
3616,21813,1998-02-09,-37.9,Макс. температура
3616,21813,1998-05-03,-9.4,Макс. температура
3616,21813,1998-05-08,-17.4,Мин. температура
3616,21813,1998-05-23,-4.0,Мин. температура
3616,21813,1998-05-27,-3.5,Мин. температура
3616,21813,1998-12-25,-38.1,Мин. температура
3616,21813,1999-01-05,-43.2,Макс. температура
3616,21813,1999-01-06,-44.3,Мин. температура
3616,21813,1999-01-25,-33.5,Макс. температура
3616,21813,1999-02-10,-39.7,Макс. температура
3616,21813,1999-02-12,-32.0,Макс. температура
3616,21813,1999-02-27,-43.1,Мин. температура
3616,21813,1999-05-17,-9.5,Мин. температура
3616,21813,1999-05-30,-6.8,Мин. температура
3616,21813,1999-06-04,-1.2,Мин. температура
3616,21813,1999-06-06,13.5,Макс. температура
3616,21813,1999-06-13,13.1,Макс. температура
3616,21813,1999-06-13,7.0,Мин. температура
3616,21813,1999-06-16,14.5,Макс. температура
3616,21813,1999-10-18,-20.9,Макс. температура
3616,21813,2000-01-12,-43.9,Макс. температура
3616,21813,2000-04-15,-23.3,Мин. температура
3616,21813,2000-04-29,-11.4,Макс. температура
3616,21813,2000-05-19,-5.1,Мин. температура
3616,21813,2000-07-04,7.8,Макс. температура
3616,21813,2000-07-10,11.0,Макс. температура
3616,21813,2000-08-21,9.8,Макс. температура
3616,21813,2000-09-08,0.1,Мин. температура
3616,21813,2000-09-09,4.7,Макс. температура
3616,21813,2000-09-17,-2.9,Мин. температура
3616,21813,2000-10-13,-15.5,Мин. температура
3616,21813,2000-10-29,-17.9,Макс. температура
3616,21813,2000-11-14,-18.6,Макс. температура
3616,21813,2001-01-24,-28.9,Макс. температура
3616,21813,2001-02-04,-27.0,Макс. температура
3616,21813,2001-04-26,-23.1,Мин. температура
3616,21813,2001-04-28,-13.9,Мин. температура
3616,21813,2001-07-07,5.5,Мин. температура
3616,21813,2001-08-03,14.4,Мин. температура
3616,21813,2001-09-18,-1.5,Макс. температура
3616,21813,2001-10-19,-26.2,Мин. температура
3616,21813,2001-11-20,-39.1,Мин. температура
3616,21813,2001-11-26,-19.0,Макс. температура
3616,21813,2001-12-18,-27.5,Мин. температура
3616,21813,2002-02-19,-22.8,Макс. температура
3616,21813,2002-03-07,-21.5,Макс. температура
3616,21813,2002-03-13,-10.8,Макс. температура
3616,21813,2002-04-11,-5.8,Макс. температура
3616,21813,2002-04-12,-21.1,Макс. температура
3616,21813,2002-04-13,-31.8,Мин. температура
3616,21813,2002-06-22,,Макс. температура
3616,21813,2002-08-09,12.6,Макс. температура
3616,21813,2002-10-21,-13.0,Мин. температура
3616,21813,2002-12-17,-46.2,Мин. температура
3616,21813,2002-12-28,-45.5,Мин. температура
3616,21813,2003-01-10,-31.5,Мин. температура
3616,21813,2003-02-01,-26.6,Макс. температура
3616,21813,2003-02-16,-36.7,Макс. температура
3616,21813,2003-02-18,-45.0,Мин. температура
3616,21813,2003-02-28,-26.4,Макс. температура
3616,21813,2003-04-27,-11.3,Макс. температура
3616,21813,2003-04-28,-17.0,Мин. температура
3616,21813,2003-05-15,-8.9,Мин. температура
3616,21813,2003-06-09,7.1,Макс. температура
3616,21813,2003-07-01,17.5,Макс. температура
3616,21813,2003-07-24,7.7,Мин. температура
3616,21813,2003-10-03,-4.5,Макс. температура
3616,21813,2003-12-13,-50.0,Мин. температура
3616,21813,2004-01-02,-50.3,Мин. температура
3616,21813,2004-02-24,-46.0,Мин. температура
3616,21813,2004-03-22,-45.0,Мин. температура
3616,21813,2004-04-07,-15.3,Макс. температура
3616,21813,2004-05-08,-13.4,Мин. температура
3616,21813,2004-07-13,2.0,Мин. температура
3616,21813,2004-08-02,18.1,Макс. температура
3616,21813,2004-08-12,19.0,Макс. температура
3616,21813,2004-08-19,,Мин. температура
3616,21813,2004-11-03,-14.2,Макс. температура
3616,21813,2004-12-18,,Мин. температура
3616,21813,2004-12-21,,Мин. температура
3616,21813,1995-04-10,-25.1,Мин. температура
3616,21813,1995-04-21,-14.2,Макс. температура
3616,21813,1995-04-23,-24.6,Мин. температура
3616,21813,1995-05-28,4.0,Макс. температура
3616,21813,1995-06-28,8.2,Мин. температура
3616,21813,1995-07-02,19.2,Макс. температура
3616,21813,1995-08-02,9.2,Мин. температура
3616,21813,1995-08-13,11.7,Макс. температура
3616,21813,1995-12-09,-22.7,Макс. температура
3616,21813,1995-12-30,-22.0,Макс. температура
3616,21813,1996-02-06,-30.3,Макс. температура
3616,21813,1996-02-22,-21.5,Макс. температура
3616,21813,1996-05-10,-16.4,Мин. температура
3616,21813,1996-05-12,-3.4,Макс. температура
3616,21813,1996-05-30,-11.1,Мин. температура
3616,21813,1996-06-17,-2.8,Мин. температура
3616,21813,1996-07-12,11.4,Макс. температура
3616,21813,1996-07-15,1.8,Мин. температура
3616,21813,1996-08-20,0.4,Мин. температура
3616,21813,1996-08-23,8.2,Макс. температура
3616,21813,1996-08-28,3.2,Макс. температура
3616,21813,1996-10-18,-13.8,Мин. температура
3616,21813,1996-10-24,-16.6,Макс. температура
3616,21813,1996-12-11,-32.5,Макс. температура
3616,21813,1997-03-20,-34.3,Мин. температура
3616,21813,1997-03-27,-33.1,Мин. температура
3616,21813,1997-11-01,-19.2,Мин. температура
3616,21813,1997-11-03,-19.4,Мин. температура
3616,21813,1998-01-02,-29.9,Мин. температура
3616,21813,1998-02-10,-27.0,Макс. температура
3616,21813,1998-03-08,-15.0,Макс. температура
3616,21813,1998-04-01,-22.1,Макс. температура
3616,21813,1998-04-15,-28.8,Мин. температура
3616,21813,1998-05-21,-8.8,Мин. температура
3616,21813,1998-06-11,6.2,Макс. температура
3616,21813,1998-07-02,2.0,Мин. температура
3616,21813,1998-09-16,-2.8,Мин. температура
3616,21813,1998-11-26,-33.2,Макс. температура
3616,21813,1998-12-23,-24.4,Макс. температура
3616,21813,1999-03-06,-42.0,Мин. температура
3616,21813,1999-06-18,21.4,Макс. температура
3616,21813,1999-07-02,7.2,Мин. температура
3616,21813,1999-08-09,8.2,Макс. температура
3616,21813,1999-08-23,10.0,Мин. температура
3616,21813,1999-08-24,22.8,Макс. температура
3616,21813,1999-08-26,12.8,Макс. температура
3616,21813,1999-08-27,6.2,Мин. температура
3616,21813,1999-09-05,11.9,Макс. температура
3616,21813,1999-12-04,-40.7,Мин. температура
3616,21813,2000-01-03,-43.2,Мин. температура
3616,21813,2000-02-22,-35.5,Мин. температура
3616,21813,2000-03-10,-43.6,Мин. температура
3616,21813,2000-06-05,15.0,Макс. температура
3616,21813,2000-06-20,8.6,Макс. температура
3616,21813,2000-06-20,0.8,Мин. температура
3616,21813,2000-08-02,6.3,Мин. температура
3616,21813,2000-08-09,15.4,Макс. температура
3616,21813,2000-08-24,1.6,Мин. температура
3616,21813,2000-09-25,3.6,Макс. температура
3616,21813,2000-12-06,-47.5,Мин. температура
3616,21813,2000-12-24,-41.1,Мин. температура
3616,21813,2001-01-23,-22.0,Макс. температура
3616,21813,2001-01-30,-50.7,Мин. температура
3616,21813,2001-06-13,4.5,Мин. температура
3616,21813,2001-06-29,14.7,Мин. температура
3616,21813,2001-07-01,29.9,Макс. температура
3616,21813,2001-08-10,4.9,Макс. температура
3616,21813,2001-09-06,-4.0,Мин. температура
3616,21813,2001-11-10,-28.8,Мин. температура
3616,21813,2001-12-10,-33.3,Мин. температура
3616,21813,2002-01-27,-51.5,Мин. температура
3616,21813,2002-02-04,-41.0,Мин. температура
3616,21813,2002-02-21,-36.7,Мин. температура
3616,21813,2002-03-15,-37.9,Мин. температура
3616,21813,2002-03-29,-18.9,Макс. температура
3616,21813,2002-03-30,-33.6,Мин. температура
3616,21813,2002-04-13,-21.6,Макс. температура
3616,21813,2002-06-24,,Мин. температура
3616,21813,2002-07-20,,Мин. температура
3616,21813,2002-08-10,15.3,Макс. температура
3616,21813,2002-08-29,,Макс. температура
3616,21813,2002-08-30,,Мин. температура
3616,21813,2002-09-20,,Макс. температура
3616,21813,2002-10-14,-9.4,Макс. температура
3616,21813,2002-10-14,-13.0,Мин. температура
3616,21813,2002-11-26,-30.6,Макс. температура
3616,21813,2002-12-13,-29.0,Мин. температура
3616,21813,2003-02-07,-35.5,Макс. температура
3616,21813,2003-02-13,-42.0,Мин. температура
3616,21813,2003-04-11,-31.2,Мин. температура
3616,21813,2003-04-22,-8.3,Мин. температура
3616,21813,2003-05-22,-7.6,Макс. температура
3616,21813,2003-06-22,2.4,Мин. температура
3616,21813,2003-07-07,15.1,Макс. температура
3616,21813,2003-07-20,18.1,Макс. температура
3616,21813,2003-07-28,8.6,Макс. температура
3616,21813,2003-07-30,10.1,Макс. температура
3616,21813,2003-09-10,0.1,Мин. температура
3616,21813,2003-09-19,3.8,Мин. температура
3616,21813,2003-10-05,-6.8,Макс. температура
3616,21813,2003-12-24,,Макс. температура
3616,21813,2003-12-28,,Мин. температура
3616,21813,2004-01-14,-41.3,Мин. температура
3616,21813,2004-03-05,-42.4,Мин. температура
3616,21813,2004-03-13,-21.0,Макс. температура
3616,21813,2004-10-01,-8.0,Мин. температура
3616,21813,1995-04-17,-24.6,Мин. температура
3616,21813,1995-04-29,-11.4,Макс. температура
3616,21813,1995-05-17,-2.0,Макс. температура
3616,21813,1995-05-21,-14.9,Мин. температура
3616,21813,1995-05-26,-7.9,Мин. температура
3616,21813,1995-06-08,4.2,Мин. температура
3616,21813,1995-07-22,13.2,Мин. температура
3616,21813,1995-08-03,6.4,Мин. температура
3616,21813,1995-08-12,13.2,Макс. температура
3616,21813,1995-08-30,11.4,Макс. температура
3616,21813,1995-10-09,-6.9,Мин. температура
3616,21813,1995-10-22,-9.4,Мин. температура
3616,21813,1996-01-08,-28.5,Макс. температура
3616,21813,1996-02-01,-37.1,Мин. температура
3616,21813,1996-02-17,-32.1,Макс. температура
3616,21813,1996-04-12,-3.7,Макс. температура
3616,21813,1996-05-02,-1.2,Макс. температура
3616,21813,1996-05-20,-5.6,Мин. температура
3616,21813,1996-07-02,1.2,Мин. температура
3616,21813,1996-08-07,17.4,Макс. температура
3616,21813,1996-08-08,11.1,Мин. температура
3616,21813,1996-09-05,11.4,Макс. температура
3616,21813,1996-10-17,1.3,Макс. температура
3616,21813,1996-11-09,-19.3,Макс. температура
3616,21813,1996-12-13,-28.5,Макс. температура
3616,21813,1997-01-07,-23.4,Макс. температура
3616,21813,1997-02-02,-25.3,Мин. температура
3616,21813,1997-02-05,-37.8,Мин. температура
3616,21813,1997-02-21,-37.2,Мин. температура
3616,21813,1997-07-16,14.6,Мин. температура
3616,21813,1997-07-23,9.7,Макс. температура
3616,21813,1997-12-01,-28.9,Макс. температура
3616,21813,1997-12-03,-46.1,Мин. температура
3616,21813,1998-01-12,-20.9,Макс. температура
3616,21813,1998-02-02,-24.9,Макс. температура
3616,21813,1998-02-04,-27.1,Макс. температура
3616,21813,1998-04-07,-25.9,Мин. температура
3616,21813,1998-05-14,-8.8,Макс. температура
3616,21813,1998-06-27,14.0,Макс. температура
3616,21813,1998-08-02,5.5,Мин. температура
3616,21813,1998-10-05,-13.1,Макс. температура
3616,21813,1998-10-20,-13.3,Макс. температура
3616,21813,1998-11-23,-41.5,Мин. температура
3616,21813,1998-12-10,-36.0,Макс. температура
3616,21813,1999-01-30,-32.2,Макс. температура
3616,21813,1999-03-23,-47.6,Мин. температура
3616,21813,1999-04-29,-14.8,Мин. температура
3616,21813,1999-05-08,-19.5,Мин. температура
3616,21813,1999-05-11,-6.0,Мин. температура
3616,21813,1999-06-02,-6.8,Мин. температура
3616,21813,1999-06-29,9.1,Мин. температура
3616,21813,1999-07-12,20.9,Макс. температура
3616,21813,1999-09-08,14.3,Макс. температура
3616,21813,1999-09-17,0.3,Мин. температура
3616,21813,1999-09-26,-1.2,Макс. температура
3616,21813,1999-11-05,-20.4,Макс. температура
3616,21813,2000-01-31,-23.0,Мин. температура
3616,21813,2000-02-08,-36.1,Мин. температура
3616,21813,2000-03-01,-43.0,Мин. температура
3616,21813,2000-04-24,4.0,Макс. температура
3616,21813,2000-05-18,0.5,Макс. температура
3616,21813,2000-06-08,17.0,Макс. температура
3616,21813,2000-07-14,15.0,Макс. температура
3616,21813,2000-07-24,8.7,Мин. температура
3616,21813,2000-07-27,27.0,Макс. температура
3616,21813,2000-07-31,7.3,Мин. температура
3616,21813,2000-09-05,4.5,Макс. температура
3616,21813,2000-09-12,2.8,Макс. температура
3616,21813,2000-09-27,-2.1,Мин. температура
3616,21813,2000-09-28,-0.2,Макс. температура
3616,21813,2000-12-14,-25.5,Макс. температура
3616,21813,2000-12-27,-40.1,Мин. температура
3616,21813,2001-03-12,-14.0,Макс. температура
3616,21813,2001-06-24,5.5,Мин. температура
3616,21813,2001-06-27,4.7,Мин. температура
3616,21813,2001-07-06,7.5,Мин. температура
3616,21813,2001-07-31,14.2,Мин. температура
3616,21813,2001-08-19,11.7,Макс. температура
3616,21813,2001-08-22,7.1,Макс. температура
3616,21813,2001-09-08,-5.0,Мин. температура
3616,21813,2001-09-19,-2.4,Макс. температура
3616,21813,2001-10-08,-11.5,Мин. температура
3616,21813,2001-10-30,-34.8,Мин. температура
3616,21813,2002-03-31,-27.4,Мин. температура
3616,21813,2002-04-01,-17.7,Макс. температура
3616,21813,2002-04-07,-9.2,Макс. температура
3616,21813,2002-07-05,12.3,Мин. температура
3616,21813,2002-07-15,14.6,Макс. температура
3616,21813,2002-08-18,,Мин. температура
3616,21813,2002-09-05,-1.4,Мин. температура
3616,21813,2002-09-11,-7.4,Мин. температура
3616,21813,2002-10-25,-9.0,Мин. температура
3616,21813,2002-11-10,-33.4,Мин. температура
3616,21813,2002-12-19,-35.0,Макс. температура
3616,21813,2002-12-29,-33.0,Макс. температура
3616,21813,2003-03-11,-19.5,Макс. температура
3616,21813,2003-03-18,-16.2,Макс. температура
3616,21813,2003-03-20,-23.4,Мин. температура
3616,21813,2003-05-07,-11.6,Мин. температура
3616,21813,2003-05-11,6.8,Макс. температура
3616,21813,2003-05-25,-4.2,Мин. температура
3616,21813,2003-06-06,4.8,Макс. температура
3616,21813,2003-06-20,7.1,Макс. температура
3616,21813,2003-07-14,25.3,Макс. температура
3616,21813,2003-07-17,18.6,Макс. температура
3616,21813,2003-07-23,17.9,Макс. температура
3616,21813,2003-10-21,-19.8,Макс. температура
3616,21813,2003-10-23,-19.2,Макс. температура
3616,21813,2003-11-25,-37.6,Мин. температура
3616,21813,2003-12-01,-39.0,Макс. температура
3616,21813,2003-12-06,-12.0,Макс. температура
3616,21813,2003-12-10,-31.2,Мин. температура
3616,21813,2003-12-19,,Макс. температура
3616,21813,2004-01-19,-40.0,Мин. температура
3616,21813,2004-02-12,-52.5,Мин. температура
3616,21813,2004-04-04,-25.4,Мин. температура
3616,21813,2004-04-30,,Мин. температура
3616,21813,2004-05-07,-3.4,Макс. температура
3616,21813,2004-10-03,-5.0,Макс. температура
3616,21813,1995-04-27,-15.8,Мин. температура
3616,21813,1995-05-01,-22.8,Мин. температура
3616,21813,1995-05-18,-10.7,Мин. температура
3616,21813,1995-05-23,-3.6,Макс. температура
3616,21813,1995-06-11,9.4,Макс. температура
3616,21813,1995-07-29,20.1,Макс. температура
3616,21813,1995-10-30,-30.2,Мин. температура
3616,21813,1995-11-17,-35.4,Мин. температура
3616,21813,1995-11-27,-22.8,Макс. температура
3616,21813,1995-12-10,-24.0,Макс. температура
3616,21813,1996-01-12,-40.1,Мин. температура
3616,21813,1996-01-16,-37.3,Макс. температура
3616,21813,1996-03-29,-30.3,Мин. температура
3616,21813,1996-04-17,-13.6,Макс. температура
3616,21813,1996-04-20,-15.9,Мин. температура
3616,21813,1996-05-06,-15.2,Мин. температура
3616,21813,1996-05-14,-8.7,Мин. температура
3616,21813,1996-05-28,-9.6,Мин. температура
3616,21813,1996-06-08,-0.5,Макс. температура
3616,21813,1996-07-05,18.6,Макс. температура
3616,21813,1996-08-11,4.8,Мин. температура
3616,21813,1996-08-29,-0.3,Мин. температура
3616,21813,1996-11-02,-11.8,Макс. температура
3616,21813,1996-11-10,-16.3,Макс. температура
3616,21813,1996-11-28,-37.8,Мин. температура
3616,21813,1996-12-01,-41.2,Мин. температура
3616,21813,1997-01-21,-30.5,Мин. температура
3616,21813,1997-02-01,-28.9,Мин. температура
3616,21813,1997-02-15,-46.2,Мин. температура
3616,21813,1997-02-17,-43.9,Мин. температура
3616,21813,1997-07-11,24.1,Макс. температура
3616,21813,1997-10-27,-3.2,Макс. температура
3616,21813,1997-11-09,-16.6,Макс. температура
3616,21813,1997-11-16,-44.1,Мин. температура
3616,21813,1997-12-15,-34.7,Мин. температура
3616,21813,1997-12-28,-28.7,Макс. температура
3616,21813,1998-01-05,-36.3,Мин. температура
3616,21813,1998-01-10,-20.0,Макс. температура
3616,21813,1998-04-08,-28.0,Мин. температура
3616,21813,1998-06-26,3.5,Мин. температура
3616,21813,1998-07-05,6.8,Мин. температура
3616,21813,1998-07-27,6.8,Мин. температура
3616,21813,1998-08-04,21.8,Макс. температура
3616,21813,1998-08-24,10.0,Макс. температура
3616,21813,1998-12-30,-41.5,Мин. температура
3616,21813,1999-01-07,-40.0,Макс. температура
3616,21813,1999-02-08,-46.4,Мин. температура
3616,21813,1999-02-10,-43.6,Мин. температура
3616,21813,1999-02-22,-19.5,Макс. температура
3616,21813,1999-03-02,-30.6,Мин. температура
3616,21813,1999-03-05,-34.0,Мин. температура
3616,21813,1999-03-13,-38.3,Мин. температура
3616,21813,1999-03-29,-36.6,Мин. температура
3616,21813,1999-04-23,-31.2,Мин. температура
3616,21813,1999-06-20,3.6,Мин. температура
3616,21813,1999-06-21,9.3,Макс. температура
3616,21813,1999-07-14,27.3,Макс. температура
3616,21813,1999-07-23,14.5,Макс. температура
3616,21813,1999-08-19,8.5,Макс. температура
3616,21813,1999-09-05,3.3,Мин. температура
3616,21813,1999-09-08,0.3,Мин. температура
3616,21813,1999-09-22,-0.5,Макс. температура
3616,21813,2000-01-03,-34.4,Макс. температура
3616,21813,2000-04-11,-7.1,Макс. температура
3616,21813,2000-04-30,-11.8,Макс. температура
3616,21813,2000-05-01,-13.5,Макс. температура
3616,21813,2000-05-01,-20.2,Мин. температура
3616,21813,2000-06-03,9.4,Макс. температура
3616,21813,2000-06-28,12.3,Макс. температура
3616,21813,2000-07-14,2.2,Мин. температура
3616,21813,2000-10-03,-3.9,Макс. температура
3616,21813,2000-11-07,-21.7,Макс. температура
3616,21813,2000-12-10,-39.0,Мин. температура
3616,21813,2000-12-31,-26.5,Макс. температура
3616,21813,2001-01-23,-27.2,Мин. температура
3616,21813,2001-02-14,-31.5,Макс. температура
3616,21813,2001-02-24,-27.5,Мин. температура
3616,21813,2001-03-07,-43.6,Мин. температура
3616,21813,2001-05-23,1.2,Мин. температура
3616,21813,2001-05-29,-6.9,Мин. температура
3616,21813,2001-06-21,5.2,Мин. температура
3616,21813,2001-09-12,-1.4,Макс. температура
3616,21813,2001-10-12,-4.6,Макс. температура
3616,21813,2001-10-21,-31.8,Мин. температура
3616,21813,2002-02-22,-44.0,Мин. температура
3616,21813,2002-03-19,-33.1,Мин. температура
3616,21813,2002-05-06,-14.7,Мин. температура
3616,21813,2002-05-10,-5.5,Макс. температура
3616,21813,2002-08-22,,Макс. температура
3616,21813,2002-08-25,,Мин. температура
3616,21813,2002-09-10,-3.4,Мин. температура
3616,21813,2002-10-06,-11.2,Мин. температура
3616,21813,2002-10-10,-1.6,Макс. температура
3616,21813,2002-10-21,-11.0,Макс. температура
3616,21813,2002-12-09,-21.0,Макс. температура
3616,21813,2002-12-29,-44.8,Мин. температура
3616,21813,2002-12-31,-30.3,Макс. температура
3616,21813,2003-02-24,-17.5,Макс. температура
3616,21813,2003-04-12,-3.6,Макс. температура
3616,21813,2003-04-19,-8.3,Макс. температура
3616,21813,2003-04-22,-0.5,Макс. температура
3616,21813,2003-06-14,17.8,Макс. температура
3616,21813,2003-07-06,5.2,Мин. температура
3616,21813,2003-08-04,9.9,Мин. температура
3616,21813,2003-09-06,7.2,Мин. температура
3616,21813,2003-09-09,0.4,Мин. температура
3616,21813,2003-09-23,-2.6,Мин. температура
3616,21813,2003-10-28,-15.5,Макс. температура
3616,21813,2003-11-22,-33.2,Макс. температура
3616,21813,2003-11-22,-37.2,Мин. температура
3616,21813,2003-11-27,-40.2,Мин. температура
3616,21813,2004-01-12,-39.2,Мин. температура
3616,21813,2004-02-17,-42.0,Мин. температура
3616,21813,2004-03-31,-14.5,Макс. температура
3616,21813,2004-04-19,,Макс. температура
3616,21813,2004-04-19,,Мин. температура
3616,21813,2004-06-20,,Мин. температура
3616,21813,2004-07-24,,Мин. температура
3616,21813,2004-08-15,7.4,Макс. температура
3616,21813,1995-03-12,-43.4,Мин. температура
3616,21813,1995-03-19,-27.6,Макс. температура
3616,21813,1995-03-22,-16.9,Макс. температура
3616,21813,1995-03-23,-33.7,Мин. температура
3616,21813,1995-03-30,-32.2,Мин. температура
3616,21813,1995-04-28,-22.9,Мин. температура
3616,21813,1995-06-22,11.1,Макс. температура
3616,21813,1995-07-14,18.3,Макс. температура
3616,21813,1995-08-12,2.7,Мин. температура
3616,21813,1995-09-16,1.4,Макс. температура
3616,21813,1995-10-17,-20.0,Мин. температура
3616,21813,1995-10-24,-19.8,Мин. температура
3616,21813,1995-12-17,-23.3,Макс. температура
3616,21813,1996-01-19,-36.4,Макс. температура
3616,21813,1996-02-12,-31.0,Макс. температура
3616,21813,1996-02-28,-29.6,Макс. температура
3616,21813,1996-03-03,-52.6,Мин. температура
3616,21813,1996-04-13,-13.7,Мин. температура
3616,21813,1996-04-22,-12.4,Макс. температура
3616,21813,1996-05-07,-12.6,Мин. температура
3616,21813,1996-06-17,3.9,Макс. температура
3616,21813,1996-06-18,3.3,Макс. температура
3616,21813,1996-07-13,3.9,Мин. температура
3616,21813,1996-08-04,22.5,Макс. температура
3616,21813,1996-10-01,-4.2,Макс. температура
3616,21813,1996-10-01,-12.8,Мин. температура
3616,21813,1996-10-08,-21.8,Мин. температура
3616,21813,1996-10-09,-4.3,Макс. температура
3616,21813,1996-10-22,-20.0,Мин. температура
3616,21813,1996-11-19,-16.0,Макс. температура
3616,21813,1997-01-05,-24.0,Макс. температура
3616,21813,1997-01-12,-36.5,Макс. температура
3616,21813,1997-01-26,-23.5,Макс. температура
3616,21813,1997-02-09,-25.1,Макс. температура
3616,21813,1997-10-15,-2.1,Макс. температура
3616,21813,1998-02-28,-36.4,Мин. температура
3616,21813,1998-06-07,-1.6,Мин. температура
3616,21813,1998-06-11,-1.2,Мин. температура
3616,21813,1998-06-30,2.2,Мин. температура
3616,21813,1998-08-16,9.4,Мин. температура
3616,21813,1998-12-13,-47.9,Мин. температура
3616,21813,1998-12-22,-32.0,Мин. температура
3616,21813,1998-12-29,-40.8,Мин. температура
3616,21813,1999-01-30,-44.6,Мин. температура
3616,21813,1999-02-28,-42.0,Мин. температура
3616,21813,1999-04-06,-22.6,Мин. температура
3616,21813,1999-04-07,-24.6,Мин. температура
3616,21813,1999-04-10,-26.6,Мин. температура
3616,21813,1999-05-07,-1.8,Макс. температура
3616,21813,1999-05-11,-1.2,Макс. температура
3616,21813,1999-06-10,18.8,Макс. температура
3616,21813,1999-07-11,8.5,Мин. температура
3616,21813,1999-07-20,14.4,Макс. температура
3616,21813,1999-08-07,6.5,Макс. температура
3616,21813,1999-10-12,-23.0,Мин. температура
3616,21813,1999-10-17,-15.4,Макс. температура
3616,21813,1999-11-03,-21.0,Макс. температура
3616,21813,1999-12-17,-22.3,Макс. температура
3616,21813,2000-01-04,-41.6,Мин. температура
3616,21813,2000-01-30,-20.4,Макс. температура
3616,21813,2000-04-05,-19.4,Мин. температура
3616,21813,2000-06-29,5.4,Мин. температура
3616,21813,2000-06-30,13.2,Макс. температура
3616,21813,2000-07-02,13.8,Макс. температура
3616,21813,2000-07-04,4.5,Мин. температура
3616,21813,2000-07-06,8.5,Макс. температура
3616,21813,2000-07-10,5.0,Мин. температура
3616,21813,2000-07-25,8.2,Мин. температура
3616,21813,2000-08-12,10.5,Макс. температура
3616,21813,2000-08-26,2.3,Мин. температура
3616,21813,2000-10-01,-3.0,Мин. температура
3616,21813,2000-11-13,-39.6,Мин. температура
3616,21813,2000-11-18,-15.1,Макс. температура
3616,21813,2000-12-19,-26.5,Макс. температура
3616,21813,2000-12-29,-45.4,Мин. температура
3616,21813,2001-02-17,-44.9,Мин. температура
3616,21813,2001-02-21,-38.0,Макс. температура
3616,21813,2001-03-14,-35.5,Мин. температура
3616,21813,2001-03-27,-32.0,Мин. температура
3616,21813,2001-05-15,-5.0,Макс. температура
3616,21813,2001-07-04,25.4,Макс. температура
3616,21813,2001-07-26,17.6,Мин. температура
3616,21813,2001-10-16,-7.7,Макс. температура
3616,21813,2001-11-15,-33.8,Мин. температура
3616,21813,2001-12-15,-24.3,Мин. температура
3616,21813,2002-01-01,-53.6,Мин. температура
3616,21813,2002-01-21,-50.6,Мин. температура
3616,21813,2002-03-06,-33.2,Мин. температура
3616,21813,2002-05-02,-19.7,Мин. температура
3616,21813,2002-06-12,17.1,Мин. температура
3616,21813,2002-07-22,,Макс. температура
3616,21813,2002-07-31,,Макс. температура
3616,21813,2002-07-31,,Мин. температура
3616,21813,2002-09-03,8.7,Макс. температура
3616,21813,2002-09-13,-8.9,Мин. температура
3616,21813,2002-09-24,,Макс. температура
3616,21813,2002-10-02,-5.4,Макс. температура
3616,21813,2002-10-04,-9.8,Макс. температура
3616,21813,2002-10-20,-10.8,Макс. температура
3616,21813,2002-10-22,-14.3,Мин. температура
3616,21813,2002-11-18,-32.2,Мин. температура
3616,21813,2003-02-26,-28.2,Мин. температура
3616,21813,2003-03-15,-19.0,Мин. температура
3616,21813,2003-04-18,-18.5,Мин. температура
3616,21813,2003-04-24,-13.6,Мин. температура
3616,21813,2003-05-01,-16.5,Мин. температура
3616,21813,2003-05-23,-2.7,Макс. температура
3616,21813,2003-05-27,-5.1,Мин. температура
3616,21813,2003-06-04,3.1,Макс. температура
3616,21813,2003-06-19,0.8,Мин. температура
3616,21813,2003-07-18,13.3,Мин. температура
3616,21813,2003-07-21,26.0,Макс. температура
3616,21813,2003-07-30,4.1,Мин. температура
3616,21813,2003-11-03,-35.5,Мин. температура
3616,21813,2003-12-12,-33.3,Макс. температура
3616,21813,2004-01-03,-50.3,Мин. температура
3616,21813,2004-01-30,-44.8,Мин. температура
3616,21813,2004-02-16,-47.5,Мин. температура
3616,21813,2004-02-28,-25.0,Макс. температура
3616,21813,1995-03-25,-18.0,Макс. температура
3616,21813,1995-05-03,-20.1,Мин. температура
3616,21813,1995-08-09,12.1,Макс. температура
3616,21813,1995-08-26,24.6,Макс. температура
3616,21813,1995-09-23,-1.4,Мин. температура
3616,21813,1995-09-29,-2.2,Мин. температура
3616,21813,1995-10-04,-5.4,Мин. температура
3616,21813,1995-11-11,-29.1,Мин. температура
3616,21813,1996-01-20,-36.0,Мин. температура
3616,21813,1996-02-28,-39.9,Мин. температура
3616,21813,1996-05-06,-5.0,Макс. температура
3616,21813,1996-05-07,-4.9,Макс. температура
3616,21813,1996-05-12,-10.1,Мин. температура
3616,21813,1996-05-29,-5.3,Макс. температура
3616,21813,1996-06-16,-0.5,Макс. температура
3616,21813,1996-06-27,-0.7,Мин. температура
3616,21813,1996-07-08,16.3,Макс. температура
3616,21813,1996-07-19,15.1,Макс. температура
3616,21813,1996-08-08,16.6,Макс. температура
3616,21813,1996-08-28,0.6,Мин. температура
3616,21813,1996-10-29,-35.8,Мин. температура
3616,21813,1996-11-02,-18.2,Мин. температура
3616,21813,1996-12-25,-41.6,Мин. температура
3616,21813,1997-02-16,-38.4,Макс. температура
3616,21813,1997-03-10,-41.3,Мин. температура
3616,21813,1997-03-27,-26.4,Макс. температура
3616,21813,1997-04-01,-28.6,Макс. температура
3616,21813,1997-10-09,-15.5,Мин. температура
3616,21813,1997-10-20,-13.0,Макс. температура
3616,21813,1997-11-19,-45.5,Мин. температура
3616,21813,1997-11-23,-40.7,Макс. температура
3616,21813,1997-12-19,-32.9,Макс. температура
3616,21813,1998-01-04,-25.0,Макс. температура
3616,21813,1998-01-14,-18.5,Макс. температура
3616,21813,1998-03-04,-41.2,Мин. температура
3616,21813,1998-04-06,-23.7,Мин. температура
3616,21813,1998-04-18,-26.6,Мин. температура
3616,21813,1998-05-09,-17.7,Мин. температура
3616,21813,1998-05-11,-18.7,Мин. температура
3616,21813,1998-05-23,4.4,Макс. температура
3616,21813,1998-05-29,-2.4,Макс. температура
3616,21813,1998-06-23,9.8,Макс. температура
3616,21813,1998-07-14,13.3,Макс. температура
3616,21813,1998-07-19,25.4,Макс. температура
3616,21813,1998-08-12,12.6,Макс. температура
3616,21813,1998-08-19,5.8,Макс. температура
3616,21813,1998-09-15,-0.3,Мин. температура
3616,21813,1998-11-10,-33.9,Мин. температура
3616,21813,1998-11-14,-38.1,Мин. температура
3616,21813,1998-12-15,-47.1,Макс. температура
3616,21813,1998-12-18,-29.0,Макс. температура
3616,21813,1998-12-18,-47.0,Мин. температура
3616,21813,1998-12-24,-33.6,Макс. температура
3616,21813,1999-02-03,-23.3,Макс. температура
3616,21813,1999-02-24,-24.3,Макс. температура
3616,21813,1999-05-12,-0.3,Макс. температура
3616,21813,1999-05-15,-6.2,Макс. температура
3616,21813,1999-05-25,-0.2,Мин. температура
3616,21813,1999-06-05,3.2,Мин. температура
3616,21813,1999-07-17,11.0,Макс. температура
3616,21813,1999-07-29,11.1,Макс. температура
3616,21813,1999-08-06,3.3,Мин. температура
3616,21813,1999-11-07,-31.7,Мин. температура
3616,21813,1999-12-03,-35.7,Мин. температура
3616,21813,1999-12-06,-44.4,Мин. температура
3616,21813,1999-12-11,-46.6,Мин. температура
3616,21813,2000-01-05,-39.1,Макс. температура
3616,21813,2000-01-17,-39.1,Макс. температура
3616,21813,2000-01-20,-52.9,Мин. температура
3616,21813,2000-03-06,-48.7,Мин. температура
3616,21813,2000-03-27,-31.6,Мин. температура
3616,21813,2000-04-06,-19.4,Мин. температура
3616,21813,2000-05-04,-11.0,Макс. температура
3616,21813,2000-06-02,1.0,Мин. температура
3616,21813,2000-06-08,3.8,Мин. температура
3616,21813,2000-06-09,3.9,Мин. температура
3616,21813,2000-06-24,7.1,Макс. температура
3616,21813,2000-07-08,6.3,Мин. температура
3616,21813,2000-07-18,10.0,Мин. температура
3616,21813,2000-08-03,13.5,Макс. температура
3616,21813,2000-08-14,5.2,Мин. температура
3616,21813,2000-09-28,-5.4,Мин. температура
3616,21813,2000-10-15,-10.5,Макс. температура
3616,21813,2001-01-04,-42.0,Макс. температура
3616,21813,2001-01-19,-28.2,Макс. температура
3616,21813,2001-02-27,-44.9,Мин. температура
3616,21813,2001-03-13,-23.2,Мин. температура
3616,21813,2001-03-30,-35.5,Мин. температура
3616,21813,2001-05-02,0.5,Макс. температура
3616,21813,2001-05-12,-13.9,Мин. температура
3616,21813,2001-05-19,-10.7,Мин. температура
3616,21813,2001-06-20,3.9,Мин. температура
3616,21813,2001-08-22,2.8,Мин. температура
3616,21813,2001-08-28,1.8,Мин. температура
3616,21813,2001-09-06,1.0,Макс. температура
3616,21813,2001-10-18,-13.4,Макс. температура
3616,21813,2001-11-17,-32.8,Мин. температура
3616,21813,2002-02-05,-26.7,Макс. температура
3616,21813,2002-02-25,-38.0,Мин. температура
3616,21813,2002-02-28,-43.6,Мин. температура
3616,21813,2002-03-05,-22.5,Макс. температура
3616,21813,2002-03-09,-23.0,Мин. температура
3616,21813,2002-05-01,-17.0,Мин. температура
3616,21813,2002-05-12,-7.5,Макс. температура
3616,21813,2002-06-06,1.3,Мин. температура
3616,21813,2002-06-12,25.3,Макс. температура
3616,21813,2002-06-18,,Макс. температура
3616,21813,2002-07-14,5.1,Мин. температура
3616,21813,2002-09-17,,Макс. температура
3616,21813,2002-09-18,,Макс. температура
3616,21813,2002-11-09,-35.8,Мин. температура
3616,21813,2003-01-02,-44.6,Мин. температура
3616,21813,2003-01-13,-42.3,Мин. температура
3616,21813,2003-02-05,-23.2,Макс. температура
3616,21813,2003-02-17,-35.5,Макс. температура
3616,21813,2003-04-06,-24.3,Макс. температура
3616,21813,2003-04-28,-12.3,Макс. температура
3616,21813,2003-05-16,-4.2,Макс. температура
3616,21813,2003-06-01,2.8,Макс. температура
3616,21813,1995-03-15,-46.6,Мин. температура
3616,21813,1995-04-09,-24.0,Мин. температура
3616,21813,1995-05-09,-13.1,Мин. температура
3616,21813,1995-05-22,-10.7,Мин. температура
3616,21813,1995-06-21,6.7,Мин. температура
3616,21813,1995-07-12,10.9,Макс. температура
3616,21813,1995-07-19,14.2,Мин. температура
3616,21813,1995-07-28,8.4,Мин. температура
3616,21813,1995-08-14,11.2,Макс. температура
3616,21813,1995-08-16,2.8,Мин. температура
3616,21813,1995-10-02,-7.0,Мин. температура
3616,21813,1995-10-08,-2.5,Макс. температура
3616,21813,1995-11-20,-27.3,Макс. температура
3616,21813,1995-12-11,-20.6,Макс. температура
3616,21813,1996-01-01,-29.2,Макс. температура
3616,21813,1996-02-11,-29.7,Макс. температура
3616,21813,1996-02-26,-11.6,Макс. температура
3616,21813,1996-03-26,-22.2,Макс. температура
3616,21813,1996-03-31,-31.5,Мин. температура
3616,21813,1996-04-13,-5.8,Макс. температура
3616,21813,1996-04-18,-12.1,Макс. температура
3616,21813,1996-04-18,-25.5,Мин. температура
3616,21813,1996-05-17,-10.1,Мин. температура
3616,21813,1996-06-29,1.6,Мин. температура
3616,21813,1996-06-30,8.1,Макс. температура
3616,21813,1996-07-28,2.3,Мин. температура
3616,21813,1996-08-06,14.4,Мин. температура
3616,21813,1996-08-10,5.4,Мин. температура
3616,21813,1996-08-14,3.0,Мин. температура
3616,21813,1996-08-29,6.8,Макс. температура
3616,21813,1996-09-19,-1.8,Макс. температура
3616,21813,1996-09-27,-2.2,Мин. температура
3616,21813,1996-10-10,-0.9,Макс. температура
3616,21813,1996-10-23,-15.5,Макс. температура
3616,21813,1996-11-23,-25.5,Мин. температура
3616,21813,1996-11-25,-24.1,Макс. температура
3616,21813,1997-02-11,-39.6,Мин. температура
3616,21813,1997-02-12,-42.5,Мин. температура
3616,21813,1997-02-23,-36.9,Макс. температура
3616,21813,1997-03-02,-27.2,Макс. температура
3616,21813,1997-07-10,21.4,Макс. температура
3616,21813,1997-10-01,0.9,Макс. температура
3616,21813,1997-10-03,-2.4,Макс. температура
3616,21813,1997-10-19,-9.6,Макс. температура
3616,21813,1997-11-30,-48.0,Мин. температура
3616,21813,1998-02-13,-45.0,Мин. температура
3616,21813,1998-02-19,-33.5,Макс. температура
3616,21813,1998-04-30,-20.5,Мин. температура
3616,21813,1998-05-01,-22.6,Мин. температура
3616,21813,1998-05-29,-5.4,Мин. температура
3616,21813,1998-07-04,9.4,Мин. температура
3616,21813,1998-07-25,6.6,Мин. температура
3616,21813,1998-08-21,8.8,Макс. температура
3616,21813,1998-10-30,-23.4,Мин. температура
3616,21813,1998-12-16,-51.5,Мин. температура
3616,21813,1998-12-17,-37.7,Макс. температура
3616,21813,1998-12-31,-42.2,Мин. температура
3616,21813,1999-01-02,-40.5,Макс. температура
3616,21813,1999-01-12,-30.4,Мин. температура
3616,21813,1999-01-23,-31.5,Макс. температура
3616,21813,1999-03-13,-26.8,Макс. температура
3616,21813,1999-03-15,-46.6,Мин. температура
3616,21813,1999-05-07,-14.5,Мин. температура
3616,21813,1999-05-29,-4.5,Мин. температура
3616,21813,1999-07-28,13.2,Макс. температура
3616,21813,1999-09-15,2.1,Макс. температура
3616,21813,1999-10-08,-8.1,Макс. температура
3616,21813,1999-12-03,-30.7,Макс. температура
3616,21813,2000-01-02,-40.1,Мин. температура
3616,21813,2000-01-09,-43.7,Макс. температура
3616,21813,2000-11-04,-34.0,Мин. температура
3616,21813,2000-11-06,-24.2,Макс. температура
3616,21813,2000-12-23,-35.5,Мин. температура
3616,21813,2001-01-25,-48.0,Мин. температура
3616,21813,2001-02-15,-41.4,Макс. температура
3616,21813,2001-02-26,-46.5,Мин. температура
3616,21813,2001-04-05,-20.0,Макс. температура
3616,21813,2001-05-31,-6.7,Мин. температура
3616,21813,2001-06-12,0.6,Мин. температура
3616,21813,2001-06-27,20.1,Макс. температура
3616,21813,2001-11-06,-18.0,Мин. температура
3616,21813,2001-11-24,-46.0,Мин. температура
3616,21813,2001-11-26,-45.5,Мин. температура
3616,21813,2001-12-06,-44.5,Мин. температура
3616,21813,2002-02-01,-39.1,Макс. температура
3616,21813,2002-04-16,-16.2,Макс. температура
3616,21813,2002-04-22,-7.2,Макс. температура
3616,21813,2002-04-26,-12.9,Макс. температура
3616,21813,2002-05-14,-12.8,Мин. температура
3616,21813,2002-10-17,-18.0,Мин. температура
3616,21813,2002-11-11,-28.2,Мин. температура
3616,21813,2002-11-13,-28.4,Мин. температура
3616,21813,2002-11-14,-30.0,Мин. температура
3616,21813,2002-11-29,-40.5,Мин. температура
3616,21813,2002-12-07,-38.9,Мин. температура
3616,21813,2002-12-16,-33.8,Макс. температура
3616,21813,2003-01-08,-46.5,Мин. температура
3616,21813,2003-03-13,-9.5,Макс. температура
3616,21813,2003-03-19,-26.3,Мин. температура
3616,21813,2003-05-05,-8.8,Макс. температура
3616,21813,2003-07-27,3.0,Мин. температура
3616,21813,2003-08-09,9.7,Мин. температура
3616,21813,2003-09-25,0.2,Мин. температура
3616,21813,2003-10-27,-12.5,Макс. температура
3616,21813,2003-10-29,-17.5,Мин. температура
3616,21813,2003-12-31,,Мин. температура
3616,21813,2004-01-21,-37.0,Мин. температура
3616,21813,2004-02-24,-40.0,Макс. температура
3616,21813,2004-03-26,-29.0,Макс. температура
3616,21813,2004-04-02,-13.0,Макс. температура
3616,21813,2004-05-02,-24.4,Мин. температура
3616,21813,2004-05-08,-6.4,Макс. температура
3616,21813,2004-05-20,,Мин. температура
3616,21813,2004-06-18,,Макс. температура
3616,21813,2004-11-14,-40.3,Мин. температура
3616,21813,2004-11-15,-17.1,Макс. температура
3616,21813,2004-11-17,,Мин. температура
3616,21813,2004-12-12,-28.8,Мин. температура
3616,21813,1995-03-19,-34.1,Мин. температура
3616,21813,1995-03-21,-43.0,Мин. температура
3616,21813,1995-03-27,-28.3,Мин. температура
3616,21813,1995-04-15,-25.0,Мин. температура
3616,21813,1995-04-25,-10.7,Макс. температура
3616,21813,1995-05-10,-2.5,Макс. температура
3616,21813,1995-05-11,2.5,Макс. температура
3616,21813,1995-08-20,4.6,Мин. температура
3616,21813,1995-08-24,23.6,Макс. температура
3616,21813,1995-08-27,17.8,Макс. температура
3616,21813,1995-09-01,17.2,Макс. температура
3616,21813,1995-11-15,-37.4,Мин. температура
3616,21813,1995-12-20,-32.7,Макс. температура
3616,21813,1995-12-29,-23.5,Мин. температура
3616,21813,1996-02-16,-31.6,Макс. температура
3616,21813,1996-04-24,-22.0,Мин. температура
3616,21813,1996-06-23,2.0,Макс. температура
3616,21813,1996-06-24,1.0,Макс. температура
3616,21813,1996-07-27,4.2,Мин. температура
3616,21813,1996-09-01,3.4,Макс. температура
3616,21813,1996-09-07,-0.6,Мин. температура
3616,21813,1996-09-12,2.0,Макс. температура
3616,21813,1996-09-24,-1.0,Макс. температура
3616,21813,1996-12-10,-49.4,Мин. температура
3616,21813,1996-12-16,-47.9,Мин. температура
3616,21813,1996-12-22,-29.5,Макс. температура
3616,21813,1996-12-28,-36.9,Макс. температура
3616,21813,1997-01-08,-26.9,Макс. температура
3616,21813,1997-01-30,-25.7,Макс. температура
3616,21813,1997-03-02,-39.9,Мин. температура
3616,21813,1997-03-12,-40.0,Мин. температура
3616,21813,1997-07-11,16.7,Мин. температура
3616,21813,1997-07-31,8.2,Мин. температура
3616,21813,1997-11-04,-13.2,Макс. температура
3616,21813,1997-11-12,-38.6,Мин. температура
3616,21813,1997-12-16,-31.3,Макс. температура
3616,21813,1998-02-01,-34.9,Макс. температура
3616,21813,1998-02-14,-46.9,Мин. температура
3616,21813,1998-03-07,-19.0,Макс. температура
3616,21813,1998-03-09,-15.4,Макс. температура
3616,21813,1998-03-18,-19.0,Макс. температура
3616,21813,1998-05-12,-23.2,Мин. температура
3616,21813,1998-05-19,-1.0,Макс. температура
3616,21813,1998-06-09,0.4,Мин. температура
3616,21813,1998-06-29,12.0,Макс. температура
3616,21813,1998-07-21,21.4,Макс. температура
3616,21813,1998-07-30,5.2,Мин. температура
3616,21813,1998-08-15,10.4,Мин. температура
3616,21813,1998-11-05,-35.1,Мин. температура
3616,21813,1998-12-21,-21.6,Макс. температура
3616,21813,1999-02-14,-34.9,Макс. температура
3616,21813,1999-03-29,-26.5,Макс. температура
3616,21813,1999-04-28,-6.1,Макс. температура
3616,21813,1999-09-03,7.5,Макс. температура
3616,21813,1999-10-16,-17.3,Мин. температура
3616,21813,1999-11-10,-20.0,Макс. температура
3616,21813,1999-11-23,-26.9,Мин. температура
3616,21813,1999-11-28,-29.9,Макс. температура
3616,21813,1999-12-01,-29.7,Макс. температура
3616,21813,1999-12-01,-42.2,Мин. температура
3616,21813,1999-12-26,-16.5,Макс. температура
3616,21813,1999-12-30,-26.7,Макс. температура
3616,21813,2000-01-01,-33.1,Макс. температура
3616,21813,2000-01-06,-39.5,Макс. температура
3616,21813,2000-02-08,-26.5,Макс. температура
3616,21813,2000-02-12,-36.2,Макс. температура
3616,21813,2000-03-20,-17.6,Мин. температура
3616,21813,2000-04-03,-28.2,Мин. температура
3616,21813,2000-07-05,7.4,Макс. температура
3616,21813,2000-08-10,9.6,Макс. температура
3616,21813,2000-09-10,1.1,Мин. температура
3616,21813,2000-09-27,0.3,Макс. температура
3616,21813,2000-10-10,-1.8,Макс. температура
3616,21813,2001-05-26,1.4,Макс. температура
3616,21813,2001-05-31,5.6,Макс. температура
3616,21813,2001-07-09,6.7,Мин. температура
3616,21813,2001-07-15,17.1,Макс. температура
3616,21813,2001-07-21,14.2,Макс. температура
3616,21813,2001-08-17,6.3,Мин. температура
3616,21813,2001-08-23,0.8,Мин. температура
3616,21813,2001-08-27,5.1,Макс. температура
3616,21813,2001-10-01,-3.8,Макс. температура
3616,21813,2001-10-03,-7.0,Мин. температура
3616,21813,2001-11-12,-32.2,Мин. температура
3616,21813,2001-12-11,-18.6,Макс. температура
3616,21813,2002-03-10,-25.0,Макс. температура
3616,21813,2002-03-18,-34.3,Мин. температура
3616,21813,2002-04-27,-7.1,Макс. температура
3616,21813,2002-04-29,-19.8,Мин. температура
3616,21813,2002-06-25,,Макс. температура
3616,21813,2002-06-29,,Макс. температура
3616,21813,2002-07-18,,Макс. температура
3616,21813,2002-11-02,-32.4,Мин. температура
3616,21813,2002-11-21,-20.8,Макс. температура
3616,21813,2003-02-03,-23.6,Макс. температура
3616,21813,2003-06-24,9.7,Макс. температура
3616,21813,2003-08-03,8.5,Мин. температура
3616,21813,2003-08-12,4.1,Мин. температура
3616,21813,2003-10-02,1.8,Макс. температура
3616,21813,2003-12-15,-32.8,Макс. температура
3616,21813,2004-02-04,-40.0,Макс. температура
3616,21813,2004-02-17,-27.0,Макс. температура
3616,21813,2004-02-20,-44.2,Мин. температура
3616,21813,2004-03-29,-21.3,Макс. температура
3616,21813,2004-04-26,,Макс. температура
3616,21813,2004-06-26,,Макс. температура
3616,21813,2004-08-08,13.2,Макс. температура
3616,21813,2004-08-13,4.2,Мин. температура
3616,21813,2004-09-30,-7.2,Мин. температура
3616,21813,1995-04-08,-18.6,Макс. температура
3616,21813,1995-05-09,-9.1,Макс. температура
3616,21813,1995-05-15,-2.4,Макс. температура
3616,21813,1995-05-30,-1.9,Мин. температура
3616,21813,1995-07-15,10.7,Мин. температура
3616,21813,1995-08-22,21.2,Макс. температура
3616,21813,1995-09-06,3.4,Мин. температура
3616,21813,1995-10-07,-6.4,Мин. температура
3616,21813,1995-10-28,-28.2,Мин. температура
3616,21813,1995-11-18,-19.3,Макс. температура
3616,21813,1995-12-26,-33.1,Мин. температура
3616,21813,1996-01-09,-17.0,Макс. температура
3616,21813,1996-02-05,-30.1,Макс. температура
3616,21813,1996-03-01,-51.3,Мин. температура
3616,21813,1996-03-15,-22.7,Макс. температура
3616,21813,1996-04-30,-25.8,Мин. температура
3616,21813,1996-05-13,-8.1,Мин. температура
3616,21813,1996-05-18,5.2,Макс. температура
3616,21813,1996-05-24,-7.4,Макс. температура
3616,21813,1996-05-26,-7.4,Макс. температура
3616,21813,1996-07-16,9.0,Макс. температура
3616,21813,1996-07-22,2.4,Мин. температура
3616,21813,1996-07-25,4.9,Мин. температура
3616,21813,1996-08-01,4.4,Мин. температура
3616,21813,1996-09-20,-6.2,Мин. температура
3616,21813,1996-10-02,-7.6,Мин. температура
3616,21813,1996-10-21,-7.4,Макс. температура
3616,21813,1996-11-20,-17.6,Макс. температура
3616,21813,1996-11-24,-25.1,Макс. температура
3616,21813,1996-12-15,-45.3,Мин. температура
3616,21813,1997-02-18,-37.7,Макс. температура
3616,21813,1997-02-28,-30.7,Макс. температура
3616,21813,1997-03-26,-41.8,Мин. температура
3616,21813,1997-07-14,22.8,Макс. температура
3616,21813,1997-10-13,-0.7,Макс. температура
3616,21813,1997-10-17,-5.7,Макс. температура
3616,21813,1997-11-29,-38.1,Макс. температура
3616,21813,1998-01-13,-35.9,Мин. температура
3616,21813,1998-01-28,-39.0,Мин. температура
3616,21813,1998-02-03,-28.0,Макс. температура
3616,21813,1998-04-25,-15.0,Макс. температура
3616,21813,1998-04-28,-11.6,Макс. температура
3616,21813,1998-05-20,-3.2,Макс. температура
3616,21813,1998-06-05,-1.2,Мин. температура
3616,21813,1998-06-26,9.6,Макс. температура
3616,21813,1998-07-04,14.0,Макс. температура
3616,21813,1998-08-29,6.6,Макс. температура
3616,21813,1998-09-27,-4.8,Макс. температура
3616,21813,1998-10-25,-19.4,Мин. температура
3616,21813,1998-11-04,-35.4,Мин. температура
3616,21813,1998-11-07,-32.4,Мин. температура
3616,21813,1998-12-12,-49.0,Мин. температура
3616,21813,1999-01-09,-30.5,Макс. температура
3616,21813,1999-01-17,-35.4,Макс. температура
3616,21813,1999-03-26,-21.0,Макс. температура
3616,21813,1999-04-16,-12.5,Макс. температура
3616,21813,1999-06-20,12.2,Макс. температура
3616,21813,1999-07-15,20.6,Макс. температура
3616,21813,1999-07-16,21.4,Макс. температура
3616,21813,1999-08-13,10.8,Макс. температура
3616,21813,1999-08-15,5.8,Мин. температура
3616,21813,1999-08-17,4.6,Мин. температура
3616,21813,1999-09-19,-0.8,Мин. температура
3616,21813,1999-09-22,-8.4,Мин. температура
3616,21813,1999-10-09,-15.1,Мин. температура
3616,21813,1999-12-04,-34.4,Макс. температура
3616,21813,1999-12-17,-40.2,Мин. температура
3616,21813,1999-12-23,-26.4,Мин. температура
3616,21813,2000-01-10,-44.7,Макс. температура
3616,21813,2000-04-04,-7.9,Макс. температура
3616,21813,2000-04-12,-18.0,Мин. температура
3616,21813,2000-05-03,-9.4,Макс. температура
3616,21813,2000-05-05,-6.6,Макс. температура
3616,21813,2000-06-04,14.6,Макс. температура
3616,21813,2000-06-18,14.5,Макс. температура
3616,21813,2000-07-19,17.8,Макс. температура
3616,21813,2000-10-23,-16.0,Макс. температура
3616,21813,2000-10-25,-25.5,Мин. температура
3616,21813,2000-11-08,-32.3,Макс. температура
3616,21813,2000-11-09,-34.4,Мин. температура
3616,21813,2000-11-12,-18.8,Макс. температура
3616,21813,2001-01-01,-45.0,Макс. температура
3616,21813,2001-04-15,-24.6,Макс. температура
3616,21813,2001-04-23,-27.0,Мин. температура
3616,21813,2001-05-05,-7.6,Макс. температура
3616,21813,2001-05-29,-0.9,Макс. температура
3616,21813,2001-06-04,-4.8,Мин. температура
3616,21813,2001-10-28,-25.9,Макс. температура
3616,21813,2001-11-05,-8.0,Макс. температура
3616,21813,2001-12-19,-22.5,Мин. температура
3616,21813,2002-02-01,-46.5,Мин. температура
3616,21813,2002-02-02,-45.5,Мин. температура
3616,21813,2002-02-05,-45.0,Мин. температура
3616,21813,2002-02-28,-24.5,Макс. температура
3616,21813,2002-03-20,-25.0,Мин. температура
3616,21813,2002-03-22,-11.5,Макс. температура
3616,21813,2002-05-28,-3.0,Мин. температура
3616,21813,2002-06-07,0.3,Мин. температура
3616,21813,2002-06-27,,Макс. температура
3616,21813,2002-09-21,,Макс. температура
3616,21813,2002-12-02,-33.3,Макс. температура
3616,21813,2002-12-27,-41.8,Макс. температура
3616,21813,2003-01-20,-27.3,Макс. температура
3616,21813,2003-01-29,-36.7,Мин. температура
3616,21813,2003-02-09,-46.3,Мин. температура
3616,21813,2003-04-25,-9.3,Макс. температура
3616,21813,2003-06-01,0.1,Мин. температура
3616,21813,2003-06-15,3.4,Мин. температура
3616,21813,2003-06-25,19.8,Макс. температура
3616,21813,2003-07-10,7.1,Мин. температура
3616,21813,2003-07-15,18.3,Макс. температура
3616,21813,2003-08-11,6.5,Мин. температура
3616,21813,2003-08-30,11.1,Макс. температура
3616,21813,2003-09-11,2.6,Макс. температура
3616,21813,2003-10-28,-18.8,Мин. температура
3616,21813,2003-10-31,-31.5,Мин. температура
3616,21813,2003-11-10,-31.2,Мин. температура
3616,21813,2003-11-19,-24.4,Макс. температура
3616,21813,2003-12-28,,Макс. температура
3616,21813,1995-03-04,-24.1,Мин. температура
3616,21813,1995-03-06,-40.0,Мин. температура
3616,21813,1995-03-10,-38.5,Мин. температура
3616,21813,1995-05-13,-6.4,Мин. температура
3616,21813,1995-05-25,-5.0,Мин. температура
3616,21813,1995-06-03,17.6,Макс. температура
3616,21813,1995-06-22,7.2,Мин. температура
3616,21813,1995-08-20,21.5,Макс. температура
3616,21813,1995-09-05,2.5,Мин. температура
3616,21813,1995-09-16,-1.2,Мин. температура
3616,21813,1995-09-29,1.6,Макс. температура
3616,21813,1995-11-03,-36.1,Мин. температура
3616,21813,1995-11-19,-33.3,Мин. температура
3616,21813,1996-03-16,-30.7,Мин. температура
3616,21813,1996-05-22,-4.4,Макс. температура
3616,21813,1996-07-15,6.0,Макс. температура
3616,21813,1996-08-26,5.3,Макс. температура
3616,21813,1996-11-27,-31.5,Макс. температура
3616,21813,1997-01-16,-54.0,Мин. температура
3616,21813,1997-02-04,-23.0,Макс. температура
3616,21813,1997-07-17,5.9,Мин. температура
3616,21813,1997-12-18,-37.5,Макс. температура
3616,21813,1997-12-25,-25.1,Макс. температура
3616,21813,1998-01-01,-30.0,Мин. температура
3616,21813,1998-01-16,-37.3,Мин. температура
3616,21813,1998-01-21,-43.0,Макс. температура
3616,21813,1998-01-22,-45.1,Мин. температура
3616,21813,1998-04-25,-25.4,Мин. температура
3616,21813,1998-05-25,0.8,Макс. температура
3616,21813,1998-07-22,22.2,Макс. температура
3616,21813,1998-08-21,1.4,Мин. температура
3616,21813,1998-09-11,-0.8,Мин. температура
3616,21813,1998-10-10,-27.0,Мин. температура
3616,21813,1998-11-16,-10.9,Макс. температура
3616,21813,1998-11-28,-41.5,Макс. температура
3616,21813,1998-12-28,-27.0,Макс. температура
3616,21813,1999-02-15,-43.1,Макс. температура
3616,21813,1999-03-25,-46.1,Мин. температура
3616,21813,1999-04-09,-20.4,Макс. температура
3616,21813,1999-06-10,10.2,Мин. температура
3616,21813,1999-07-22,10.5,Мин. температура
3616,21813,1999-09-23,-1.0,Макс. температура
3616,21813,1999-10-19,-16.4,Макс. температура
3616,21813,1999-11-13,-29.0,Макс. температура
3616,21813,1999-12-16,-40.3,Мин. температура
3616,21813,2000-01-19,-52.3,Мин. температура
3616,21813,2000-01-26,-33.3,Мин. температура
3616,21813,2000-02-21,-37.5,Мин. температура
3616,21813,2000-03-05,-40.3,Макс. температура
3616,21813,2000-03-24,-21.9,Макс. температура
3616,21813,2000-04-10,-34.7,Мин. температура
3616,21813,2000-04-20,-8.4,Макс. температура
3616,21813,2000-04-21,-17.5,Мин. температура
3616,21813,2000-04-22,-12.1,Мин. температура
3616,21813,2000-05-23,12.2,Макс. температура
3616,21813,2000-06-12,-1.0,Мин. температура
3616,21813,2000-07-02,6.9,Мин. температура
3616,21813,2000-08-26,19.6,Макс. температура
3616,21813,2000-09-02,1.0,Мин. температура
3616,21813,2000-10-05,-1.5,Макс. температура
3616,21813,2000-10-11,-3.1,Мин. температура
3616,21813,2000-10-28,-14.4,Макс. температура
3616,21813,2000-11-05,-26.9,Мин. температура
3616,21813,2000-11-21,-32.6,Мин. температура
3616,21813,2000-12-17,-19.5,Макс. температура
3616,21813,2001-01-17,-28.0,Макс. температура
3616,21813,2001-01-19,-32.9,Мин. температура
3616,21813,2001-01-26,-40.8,Макс. температура
3616,21813,2001-01-27,-43.5,Макс. температура
3616,21813,2001-02-25,-23.5,Макс. температура
3616,21813,2001-04-08,-23.0,Макс. температура
3616,21813,2001-04-26,-1.8,Макс. температура
3616,21813,2001-05-06,-8.5,Мин. температура
3616,21813,2001-06-25,14.2,Макс. температура
3616,21813,2001-07-02,27.4,Макс. температура
3616,21813,2001-07-30,16.3,Макс. температура
3616,21813,2001-08-26,-1.1,Мин. температура
3616,21813,2001-11-07,-7.6,Макс. температура
3616,21813,2001-11-19,-39.5,Мин. температура
3616,21813,2001-12-26,-35.5,Макс. температура
3616,21813,2002-01-20,-28.0,Макс. температура
3616,21813,2002-01-24,-20.5,Макс. температура
3616,21813,2002-01-31,-51.5,Мин. температура
3616,21813,2002-03-18,-20.0,Макс. температура
3616,21813,2002-03-25,-22.6,Мин. температура
3616,21813,2002-04-25,-3.5,Макс. температура
3616,21813,2002-05-01,-8.6,Макс. температура
3616,21813,2002-05-18,-10.9,Мин. температура
3616,21813,2002-05-24,-11.6,Мин. температура
3616,21813,2002-05-25,-5.5,Макс. температура
3616,21813,2002-08-16,7.0,Макс. температура
3616,21813,2002-10-01,-8.3,Мин. температура
3616,21813,2002-10-30,-28.4,Мин. температура
3616,21813,2003-01-01,-43.8,Мин. температура
3616,21813,2003-01-14,-28.0,Макс. температура
3616,21813,2003-03-01,-34.8,Макс. температура
3616,21813,2003-03-12,-13.1,Макс. температура
3616,21813,2003-03-12,-28.2,Мин. температура
3616,21813,2003-03-31,-22.5,Мин. температура
3616,21813,2003-04-30,-6.4,Макс. температура
3616,21813,2003-05-17,1.6,Макс. температура
3616,21813,2003-06-08,5.2,Макс. температура
3616,21813,2003-06-15,14.9,Макс. температура
3616,21813,2003-06-27,18.2,Макс. температура
3616,21813,2003-07-11,15.3,Макс. температура
3616,21813,2003-08-16,7.3,Мин. температура
3616,21813,2003-11-20,-35.5,Мин. температура
3616,21813,2004-01-22,-40.5,Мин. температура
3616,21813,2004-03-23,-43.8,Мин. температура
3616,21813,2004-04-12,-23.5,Мин. температура
3616,21813,2004-05-10,-0.6,Макс. температура
3616,21813,2004-05-22,,Мин. температура
3616,21813,2004-06-24,,Мин. температура
3616,21813,2004-07-20,,Макс. температура
3616,21813,2004-07-21,,Макс. температура
3616,21813,2004-09-02,7.2,Макс. температура
3616,21813,2004-09-07,-5.4,Мин. температура
3616,21813,2004-09-09,4.8,Макс. температура
3616,21813,2004-09-11,2.8,Мин. температура
3616,21813,2002-12-08,-30.2,Макс. температура
3616,21813,2003-01-10,-20.2,Макс. температура
3616,21813,2003-01-12,-44.5,Мин. температура
3616,21813,2003-01-18,-29.8,Макс. температура
3616,21813,2003-02-06,-38.4,Мин. температура
3616,21813,2003-04-17,-16.2,Мин. температура
3616,21813,2003-05-07,-4.2,Макс. температура
3616,21813,2003-05-11,-13.3,Мин. температура
3616,21813,2003-07-05,11.7,Макс. температура
3616,21813,2003-07-10,16.5,Макс. температура
3616,21813,2003-07-29,10.7,Макс. температура
3616,21813,2003-08-07,9.3,Мин. температура
3616,21813,2003-08-29,1.4,Мин. температура
3616,21813,2003-11-24,-38.4,Мин. температура
3616,21813,2003-12-03,-14.0,Макс. температура
3616,21813,2004-03-04,-35.3,Макс. температура
3616,21813,2004-03-20,-43.5,Мин. температура
3616,21813,2004-05-25,,Мин. температура
3616,21813,2004-06-29,,Мин. температура
3616,21813,2004-07-20,,Мин. температура
3616,21813,2004-07-23,,Макс. температура
3616,21813,2004-07-30,,Мин. температура
3616,21813,2004-08-03,2.2,Мин. температура
3616,21813,2004-08-23,,Макс. температура
3616,21813,2004-10-12,-30.3,Мин. температура
3616,21813,2004-10-29,,Макс. температура
3616,21813,2004-10-31,,Мин. температура
3616,21813,2004-11-21,,Мин. температура
3616,21813,2004-11-28,,Макс. температура
3616,21813,2004-12-15,-19.4,Макс. температура
3616,21813,1995-03-02,-41.5,Мин. температура
3616,21813,1995-03-31,-30.3,Мин. температура
3616,21813,1995-04-20,-14.4,Макс. температура
3616,21813,1995-06-15,7.9,Мин. температура
3616,21813,1995-06-25,4.3,Мин. температура
3616,21813,1995-06-26,13.6,Макс. температура
3616,21813,1995-07-11,2.5,Мин. температура
3616,21813,1995-08-31,8.9,Макс. температура
3616,21813,1995-09-11,3.9,Макс. температура
3616,21813,1995-09-17,-5.0,Мин. температура
3616,21813,1995-11-14,-34.2,Мин. температура
3616,21813,1995-11-19,-27.4,Макс. температура
3616,21813,1995-11-23,-33.3,Макс. температура
3616,21813,1996-02-10,-33.0,Мин. температура
3616,21813,1996-03-10,-20.5,Макс. температура
3616,21813,1996-03-13,-42.1,Мин. температура
3616,21813,1996-03-29,-12.5,Макс. температура
3616,21813,1996-04-06,-25.7,Мин. температура
3616,21813,1996-05-10,-2.0,Макс. температура
3616,21813,1996-06-10,-2.3,Макс. температура
3616,21813,1996-07-08,6.0,Мин. температура
3616,21813,1996-08-18,6.0,Макс. температура
3616,21813,1996-08-27,6.2,Макс. температура
3616,21813,1996-10-12,0.4,Макс. температура
3616,21813,1996-10-29,-13.1,Макс. температура
3616,21813,1996-11-11,-21.0,Макс. температура
3616,21813,1997-02-03,-26.0,Мин. температура
3616,21813,1997-07-02,26.8,Макс. температура
3616,21813,1997-07-25,15.2,Макс. температура
3616,21813,1997-07-26,22.2,Макс. температура
3616,21813,1997-11-27,-51.4,Мин. температура
3616,21813,1997-12-02,-43.4,Мин. температура
3616,21813,1997-12-22,-38.9,Мин. температура
3616,21813,1998-02-07,-27.6,Макс. температура
3616,21813,1998-03-07,-35.5,Мин. температура
3616,21813,1998-03-16,-44.9,Мин. температура
3616,21813,1998-05-06,-22.8,Мин. температура
3616,21813,1998-05-09,-2.1,Макс. температура
3616,21813,1998-05-21,4.0,Макс. температура
3616,21813,1998-06-18,2.5,Мин. температура
3616,21813,1998-07-21,12.1,Мин. температура
3616,21813,1998-08-13,15.6,Макс. температура
3616,21813,1998-09-30,-10.6,Мин. температура
3616,21813,1999-01-13,-28.0,Мин. температура
3616,21813,1999-01-20,-47.6,Макс. температура
3616,21813,1999-01-21,-50.3,Макс. температура
3616,21813,1999-04-10,-22.0,Макс. температура
3616,21813,1999-05-08,2.6,Макс. температура
3616,21813,1999-08-01,20.5,Макс. температура
3616,21813,1999-08-29,11.6,Мин. температура
3616,21813,1999-11-12,-26.2,Макс. температура
3616,21813,1999-11-16,-38.7,Мин. температура
3616,21813,1999-11-19,-29.2,Мин. температура
3616,21813,1999-11-21,-19.9,Мин. температура
3616,21813,1999-12-07,-45.8,Мин. температура
3616,21813,1999-12-16,-26.5,Макс. температура
3616,21813,1999-12-22,-25.3,Мин. температура
3616,21813,2000-01-27,-33.3,Мин. температура
3616,21813,2000-02-07,-31.5,Мин. температура
3616,21813,2000-02-24,-27.2,Макс. температура
3616,21813,2000-04-08,-28.5,Мин. температура
3616,21813,2000-04-17,-9.6,Макс. температура
3616,21813,2000-04-17,-27.4,Мин. температура
3616,21813,2000-05-21,9.0,Макс. температура
3616,21813,2000-07-13,7.1,Макс. температура
3616,21813,2000-07-17,10.0,Мин. температура
3616,21813,2000-07-27,14.1,Мин. температура
3616,21813,2000-07-28,11.4,Мин. температура
3616,21813,2000-09-12,-0.3,Мин. температура
3616,21813,2000-10-06,-7.6,Мин. температура
3616,21813,2000-11-16,-30.5,Мин. температура
3616,21813,2000-12-02,-43.0,Мин. температура
3616,21813,2000-12-12,-24.0,Макс. температура
3616,21813,2001-01-03,-48.7,Мин. температура
3616,21813,2001-01-09,-22.3,Макс. температура
3616,21813,2001-01-12,-26.6,Макс. температура
3616,21813,2001-02-18,-45.8,Мин. температура
3616,21813,2001-03-06,-36.2,Макс. температура
3616,21813,2001-03-19,-24.0,Макс. температура
3616,21813,2001-05-21,-12.8,Мин. температура
3616,21813,2001-08-18,8.3,Мин. температура
3616,21813,2001-09-03,-2.4,Мин. температура
3616,21813,2001-09-15,-7.6,Мин. температура
3616,21813,2001-10-13,-11.4,Мин. температура
3616,21813,2001-10-29,-33.0,Мин. температура
3616,21813,2001-12-01,-25.5,Мин. температура
3616,21813,2001-12-12,-16.6,Макс. температура
3616,21813,2002-02-03,-34.1,Мин. температура
3616,21813,2002-02-10,-33.0,Макс. температура
3616,21813,2002-02-12,-57.0,Мин. температура
3616,21813,2002-02-18,-18.0,Макс. температура
3616,21813,2002-03-08,-18.1,Макс. температура
3616,21813,2002-04-09,-21.6,Мин. температура
3616,21813,2002-04-25,-12.5,Мин. температура
3616,21813,2002-05-04,-21.5,Мин. температура
3616,21813,2002-05-29,-5.5,Мин. температура
3616,21813,2002-06-23,,Макс. температура
3616,21813,2002-06-25,,Мин. температура
3616,21813,2002-07-30,,Макс. температура
3616,21813,2002-08-02,8.1,Мин. температура
3616,21813,2002-08-31,,Мин. температура
3616,21813,2002-10-28,-7.0,Макс. температура
3616,21813,2002-12-16,-46.3,Мин. температура
3616,21813,2003-01-13,-38.7,Макс. температура
3616,21813,2003-01-23,-43.0,Мин. температура
3616,21813,2003-03-01,-46.0,Мин. температура
3616,21813,2003-03-07,-33.3,Макс. температура
3616,21813,2003-03-14,-17.5,Мин. температура
3616,21813,2003-06-10,2.0,Мин. температура
3616,21813,2003-07-13,22.3,Макс. температура
3616,21813,2003-08-10,12.9,Макс. температура
3616,21813,2003-08-10,6.9,Мин. температура
3616,21813,2003-09-24,4.3,Макс. температура
3616,21813,2003-09-25,1.3,Макс. температура
3616,21813,2003-09-27,1.6,Макс. температура
3616,21813,2003-10-20,-28.0,Мин. температура
3616,21813,2003-10-22,-19.2,Макс. температура
3616,21813,2004-01-05,-36.0,Макс. температура
3616,21813,2004-02-20,-37.3,Макс. температура
3616,21813,2004-10-30,,Макс. температура
3616,21813,2004-11-16,-33.1,Мин. температура
3616,21813,1995-03-07,-35.1,Макс. температура
3616,21813,1995-03-18,-42.4,Мин. температура
3616,21813,1995-05-12,-3.6,Мин. температура
3616,21813,1995-05-29,4.4,Макс. температура
3616,21813,1995-06-15,18.9,Макс. температура
3616,21813,1995-06-23,9.2,Макс. температура
3616,21813,1995-08-02,16.3,Макс. температура
3616,21813,1995-08-23,5.9,Мин. температура
3616,21813,1995-10-14,-10.0,Макс. температура
3616,21813,1995-10-23,1.3,Макс. температура
3616,21813,1996-01-17,-51.2,Мин. температура
3616,21813,1996-05-01,-13.6,Макс. температура
3616,21813,1996-05-26,-9.1,Мин. температура
3616,21813,1996-06-01,-2.2,Макс. температура
3616,21813,1996-09-11,6.8,Макс. температура
3616,21813,1996-10-15,0.8,Макс. температура
3616,21813,1997-01-03,-42.8,Мин. температура
3616,21813,1997-01-06,-29.5,Мин. температура
3616,21813,1997-03-05,-24.5,Макс. температура
3616,21813,1997-03-06,-23.3,Макс. температура
3616,21813,1997-03-22,-25.3,Макс. температура
3616,21813,1997-03-22,-37.1,Мин. температура
3616,21813,1997-10-05,-12.1,Мин. температура
3616,21813,1997-10-07,-4.6,Макс. температура
3616,21813,1997-12-17,-36.4,Макс. температура
3616,21813,1997-12-21,-35.7,Мин. температура
3616,21813,1998-01-07,-41.3,Мин. температура
3616,21813,1998-01-20,-38.0,Макс. температура
3616,21813,1998-01-31,-29.2,Макс. температура
3616,21813,1998-02-26,-20.0,Макс. температура
3616,21813,1998-03-17,-44.8,Мин. температура
3616,21813,1998-06-13,10.0,Макс. температура
3616,21813,1998-07-02,15.2,Макс. температура
3616,21813,1998-07-15,9.0,Макс. температура
3616,21813,1998-07-16,5.4,Мин. температура
3616,21813,1998-07-29,6.4,Мин. температура
3616,21813,1998-07-30,14.8,Макс. температура
3616,21813,1998-08-06,24.2,Макс. температура
3616,21813,1998-09-30,-4.2,Макс. температура
3616,21813,1998-10-07,-12.1,Макс. температура
3616,21813,1998-10-16,-15.8,Макс. температура
3616,21813,1998-11-13,-37.8,Мин. температура
3616,21813,1998-11-24,-40.0,Макс. температура
3616,21813,1998-12-07,-37.8,Макс. температура
3616,21813,1998-12-27,-38.9,Мин. температура
3616,21813,1999-02-06,-35.0,Мин. температура
3616,21813,1999-02-21,-12.4,Макс. температура
3616,21813,1999-02-26,-32.8,Макс. температура
3616,21813,1999-04-08,-17.8,Макс. температура
3616,21813,1999-04-11,-20.5,Макс. температура
3616,21813,1999-05-10,-5.4,Мин. температура
3616,21813,1999-06-21,2.2,Мин. температура
3616,21813,1999-07-08,6.5,Мин. температура
3616,21813,1999-09-02,4.2,Мин. температура
3616,21813,1999-09-25,-1.3,Макс. температура
3616,21813,1999-09-28,-7.4,Мин. температура
3616,21813,1999-10-10,-19.4,Мин. температура
3616,21813,1999-10-18,-24.4,Мин. температура
3616,21813,1999-10-19,-24.9,Мин. температура
3616,21813,1999-10-31,-25.2,Мин. температура
3616,21813,1999-11-02,-39.2,Мин. температура
3616,21813,1999-11-04,-22.6,Макс. температура
3616,21813,1999-11-04,-38.7,Мин. температура
3616,21813,1999-12-12,-44.0,Мин. температура
3616,21813,1999-12-25,-10.9,Макс. температура
3616,21813,2000-01-30,-37.4,Мин. температура
3616,21813,2000-03-02,-45.6,Мин. температура
3616,21813,2000-03-07,-48.6,Мин. температура
3616,21813,2000-03-09,-34.3,Макс. температура
3616,21813,2000-03-17,-23.1,Мин. температура
3616,21813,2000-03-23,-34.5,Мин. температура
3616,21813,2000-04-09,-31.2,Мин. температура
3616,21813,2000-07-17,14.0,Макс. температура
3616,21813,2000-07-25,21.6,Макс. температура
3616,21813,2000-07-29,22.8,Макс. температура
3616,21813,2000-08-09,3.3,Мин. температура
3616,21813,2000-08-17,3.3,Макс. температура
3616,21813,2000-09-15,-1.2,Мин. температура
3616,21813,2000-10-07,-2.5,Макс. температура
3616,21813,2000-10-28,-34.4,Мин. температура
3616,21813,2000-11-06,-34.8,Мин. температура
3616,21813,2000-12-04,-48.5,Мин. температура
3616,21813,2000-12-21,-34.2,Макс. температура
3616,21813,2001-02-06,-44.5,Мин. температура
3616,21813,2001-02-19,-44.5,Макс. температура
3616,21813,2001-03-21,-39.4,Мин. температура
3616,21813,2001-04-19,-14.5,Макс. температура
3616,21813,2001-05-02,-7.7,Мин. температура
3616,21813,2001-05-30,1.6,Макс. температура
3616,21813,2001-07-05,26.4,Макс. температура
3616,21813,2001-07-16,22.8,Макс. температура
3616,21813,2001-07-20,19.8,Макс. температура
3616,21813,2001-08-05,19.5,Макс. температура
3616,21813,2001-08-29,0.7,Мин. температура
3616,21813,2001-09-14,1.0,Макс. температура
3616,21813,2001-09-22,2.4,Макс. температура
3616,21813,2001-09-29,-7.5,Мин. температура
3616,21813,2001-10-08,-5.2,Макс. температура
3616,21813,2001-10-23,-11.6,Макс. температура
3616,21813,2001-11-27,-32.3,Мин. температура
3616,21813,2001-12-11,-32.4,Мин. температура
3616,21813,2001-12-14,-16.0,Макс. температура
3616,21813,2002-01-06,-43.8,Мин. температура
3616,21813,2002-01-21,-19.0,Макс. температура
3616,21813,2002-03-13,-23.0,Мин. температура
3616,21813,2002-03-20,-10.3,Макс. температура
3616,21813,2002-04-06,-13.5,Макс. температура
3616,21813,2002-04-21,-17.2,Макс. температура
3616,21813,2002-04-29,-14.0,Макс. температура
3616,21813,2002-05-07,-15.0,Мин. температура
3616,21813,2002-05-22,-11.0,Мин. температура
3616,21813,2002-05-23,-7.3,Макс. температура
3616,21813,2002-06-15,3.4,Мин. температура
3616,21813,2002-07-29,,Мин. температура
3616,21813,2002-08-24,,Мин. температура
3616,21813,2002-10-24,-5.8,Макс. температура
3616,21813,2002-11-07,-35.4,Мин. температура
3616,21813,2002-12-18,-35.2,Макс. температура
3616,21813,2002-12-21,-46.3,Мин. температура
3616,21813,2004-07-16,1.4,Мин. температура
3616,21813,2004-07-31,,Мин. температура
3616,21813,2004-08-05,15.8,Макс. температура
3616,21813,2004-08-05,4.6,Мин. температура
3616,21813,2004-09-13,4.4,Макс. температура
3616,21813,2004-09-24,-4.0,Мин. температура
3616,21813,2004-10-02,-7.2,Мин. температура
3616,21813,2004-10-16,-34.2,Мин. температура
3616,21813,2004-11-06,-32.1,Мин. температура
3616,21813,2004-11-07,-28.2,Мин. температура
3616,21813,2004-11-09,-21.3,Макс. температура
3616,21813,2004-11-13,-38.0,Мин. температура
3616,21813,2004-12-08,-41.2,Макс. температура
3616,21813,1995-03-30,-14.8,Макс. температура
3616,21813,1995-04-30,-16.4,Мин. температура
3616,21813,1995-06-05,11.5,Макс. температура
3616,21813,1995-06-13,4.5,Мин. температура
3616,21813,1995-07-27,19.7,Макс. температура
3616,21813,1995-11-10,-23.2,Мин. температура
3616,21813,1995-11-29,-17.6,Макс. температура
3616,21813,1995-12-02,-22.8,Макс. температура
3616,21813,1996-02-01,-30.6,Макс. температура
3616,21813,1996-02-23,-23.0,Макс. температура
3616,21813,1996-04-07,-22.6,Мин. температура
3616,21813,1996-06-06,-3.3,Мин. температура
3616,21813,1996-06-13,1.7,Макс. температура
3616,21813,1996-07-18,5.2,Мин. температура
3616,21813,1996-08-09,12.6,Макс. температура
3616,21813,1996-08-12,4.3,Мин. температура
3616,21813,1996-09-03,2.6,Макс. температура
3616,21813,1996-09-07,3.8,Макс. температура
3616,21813,1996-09-30,-15.1,Мин. температура
3616,21813,1996-11-25,-37.3,Мин. температура
3616,21813,1996-12-03,-41.0,Мин. температура
3616,21813,1996-12-27,-45.3,Мин. температура
3616,21813,1997-01-16,-42.2,Макс. температура
3616,21813,1997-01-23,-22.0,Макс. температура
3616,21813,1997-02-08,-27.8,Макс. температура
3616,21813,1997-03-11,-40.3,Мин. температура
3616,21813,1997-03-17,-18.4,Мин. температура
3616,21813,1997-07-27,15.6,Макс. температура
3616,21813,1997-07-29,9.3,Мин. температура
3616,21813,1997-07-30,13.6,Макс. температура
3616,21813,1997-11-08,-34.2,Мин. температура
3616,21813,1997-11-14,-25.1,Макс. температура
3616,21813,1997-11-19,-43.6,Макс. температура
3616,21813,1997-11-28,-44.8,Макс. температура
3616,21813,1998-01-25,-20.0,Макс. температура
3616,21813,1998-02-11,-38.0,Макс. температура
3616,21813,1998-02-17,-23.7,Макс. температура
3616,21813,1998-03-23,-39.9,Мин. температура
3616,21813,1998-03-24,-26.5,Макс. температура
3616,21813,1998-05-10,-14.9,Мин. температура
3616,21813,1998-06-01,-6.0,Мин. температура
3616,21813,1998-06-07,3.6,Макс. температура
3616,21813,1998-07-24,5.8,Мин. температура
3616,21813,1998-08-15,14.8,Макс. температура
3616,21813,1998-11-01,-23.2,Макс. температура
3616,21813,1998-11-02,-25.9,Макс. температура
3616,21813,1998-12-13,-44.8,Макс. температура
3616,21813,1998-12-23,-42.2,Мин. температура
3616,21813,1999-01-02,-49.2,Мин. температура
3616,21813,1999-01-28,-40.8,Мин. температура
3616,21813,1999-02-07,-44.1,Мин. температура
3616,21813,1999-04-01,-38.2,Мин. температура
3616,21813,1999-04-05,-21.8,Мин. температура
3616,21813,1999-05-23,-8.0,Мин. температура
3616,21813,1999-06-04,11.5,Макс. температура
3616,21813,1999-08-26,6.4,Мин. температура
3616,21813,1999-09-14,-0.6,Мин. температура
3616,21813,1999-09-29,-7.5,Макс. температура
3616,21813,1999-10-07,-7.4,Макс. температура
3616,21813,1999-12-10,-38.0,Макс. температура
3616,21813,1999-12-21,-13.2,Макс. температура
3616,21813,2000-02-02,-16.6,Макс. температура
3616,21813,2000-02-10,-33.6,Макс. температура
3616,21813,2000-02-16,-37.9,Мин. температура
3616,21813,2000-02-28,-30.8,Макс. температура
3616,21813,2000-03-27,-16.3,Макс. температура
3616,21813,2000-03-28,-10.1,Макс. температура
3616,21813,2000-04-27,-14.4,Мин. температура
3616,21813,2000-05-07,-9.1,Мин. температура
3616,21813,2000-06-06,11.7,Макс. температура
3616,21813,2000-06-10,4.5,Макс. температура
3616,21813,2000-06-26,9.7,Макс. температура
3616,21813,2000-07-08,7.4,Макс. температура
3616,21813,2000-08-06,5.0,Мин. температура
3616,21813,2000-08-20,7.6,Макс. температура
3616,21813,2000-08-24,14.2,Макс. температура
3616,21813,2000-09-03,8.3,Макс. температура
3616,21813,2000-09-04,0.9,Мин. температура
3616,21813,2000-10-10,-7.3,Мин. температура
3616,21813,2000-10-27,-20.4,Макс. температура
3616,21813,2000-11-15,-27.1,Мин. температура
3616,21813,2000-11-22,-29.2,Мин. температура
3616,21813,2000-12-15,-33.5,Макс. температура
3616,21813,2000-12-28,-31.8,Макс. температура
3616,21813,2001-02-09,-47.0,Мин. температура
3616,21813,2001-03-21,-27.0,Макс. температура
3616,21813,2001-04-10,-29.4,Мин. температура
3616,21813,2001-05-22,-6.6,Мин. температура
3616,21813,2001-05-23,9.4,Макс. температура
3616,21813,2001-06-22,4.7,Мин. температура
3616,21813,2001-07-08,12.9,Макс. температура
3616,21813,2001-07-13,21.6,Макс. температура
3616,21813,2001-08-09,1.2,Мин. температура
3616,21813,2001-10-05,2.6,Макс. температура
3616,21813,2001-10-11,-8.6,Мин. температура
3616,21813,2001-10-25,-12.2,Макс. температура
3616,21813,2001-11-01,-15.0,Мин. температура
3616,21813,2001-11-29,-14.8,Макс. температура
3616,21813,2001-12-05,-33.4,Макс. температура
3616,21813,2002-02-23,-38.6,Макс. температура
3616,21813,2002-02-24,-47.5,Мин. температура
3616,21813,2002-02-27,-36.3,Мин. температура
3616,21813,2002-05-31,-4.2,Мин. температура
3616,21813,2002-07-09,1.3,Мин. температура
3616,21813,2002-08-03,21.4,Макс. температура
3616,21813,2002-08-11,6.4,Мин. температура
3616,21813,2002-08-17,7.0,Макс. температура
3616,21813,2002-09-06,4.9,Макс. температура
3616,21813,2003-01-02,-29.5,Макс. температура
3616,21813,2003-03-04,-24.6,Макс. температура
3616,21813,2003-03-13,-25.2,Мин. температура
3616,21813,2003-03-19,-12.3,Макс. температура
3616,21813,2003-03-30,-18.3,Мин. температура
3616,21813,2003-06-12,9.1,Макс. температура
3616,21813,2003-09-17,10.7,Макс. температура
3616,21813,2003-11-05,-15.8,Макс. температура
3616,21813,2003-11-11,-33.0,Мин. температура
3616,21813,2004-01-26,-41.3,Мин. температура
3616,21813,2004-02-02,-39.2,Мин. температура
3616,21813,2004-05-24,,Мин. температура
3616,21813,2004-06-08,7.1,Макс. температура
3616,21813,2004-07-27,,Макс. температура
3616,21813,2004-09-04,10.8,Макс. температура
3616,21813,2004-10-01,-3.6,Макс. температура
3616,21813,2004-10-28,,Макс. температура
3616,21813,2004-12-03,-37.5,Мин. температура
3616,21813,2004-12-06,-47.0,Мин. температура
3616,21813,2003-05-29,3.8,Макс. температура
3616,21813,2003-06-07,6.1,Макс. температура
3616,21813,2003-07-05,4.8,Мин. температура
3616,21813,2003-09-02,-2.8,Мин. температура
3616,21813,2004-01-20,-35.3,Мин. температура
3616,21813,2004-02-08,-54.5,Мин. температура
3616,21813,2004-03-12,-28.4,Мин. температура
3616,21813,2004-05-03,-10.8,Макс. температура
3616,21813,2004-05-15,-3.4,Мин. температура
3616,21813,2004-06-09,7.5,Макс. температура
3616,21813,2004-08-18,,Макс. температура
3616,21813,2004-08-22,,Макс. температура
3616,21813,2004-08-22,,Мин. температура
3616,21813,2004-09-03,-2.6,Мин. температура
3616,21813,2004-09-06,5.2,Макс. температура
3616,21813,2004-11-12,-35.0,Мин. температура
3616,21813,2004-11-13,-23.3,Макс. температура
3616,21813,2004-12-13,-12.5,Макс. температура
3616,21813,2004-12-19,,Мин. температура
3616,21813,2004-12-29,,Мин. температура
3616,21813,2003-10-03,-16.0,Мин. температура
3616,21813,2003-11-17,-20.2,Макс. температура
3616,21813,2004-02-19,-43.2,Мин. температура
3616,21813,2004-03-04,-42.2,Мин. температура
3616,21813,2004-03-22,-30.5,Макс. температура
3616,21813,2004-05-09,-2.1,Макс. температура
3616,21813,2004-05-23,,Макс. температура
3616,21813,2004-07-11,2.6,Мин. температура
3616,21813,2004-08-16,12.6,Макс. температура
3616,21813,2004-10-20,,Макс. температура
3616,21813,2004-11-01,-12.0,Макс. температура
3616,21813,2004-11-25,,Макс. температура
3616,21813,2004-12-09,-44.9,Мин. температура
3616,21813,2004-12-21,,Макс. температура
3616,21813,2004-10-25,,Макс. температура
3616,21813,2004-11-10,-34.7,Мин. температура
3616,21813,2004-10-06,-15.2,Мин. температура
3616,21813,2004-10-18,,Макс. температура
3616,21813,2004-11-21,,Макс. температура
3616,21813,2004-11-25,,Мин. температура
3616,21813,2004-11-26,,Макс. температура
3616,21813,2004-11-28,,Мин. температура
3616,21813,2004-12-04,-41.0,Мин. температура
3616,21813,2004-12-22,,Макс. температура
3616,21813,2003-03-24,-28.5,Мин. температура
3616,21813,2003-06-02,-1.4,Мин. температура
3616,21813,2003-06-30,3.5,Мин. температура
3616,21813,2003-07-13,9.3,Мин. температура
3616,21813,2003-08-04,22.1,Макс. температура
3616,21813,2003-08-08,21.3,Макс. температура
3616,21813,2003-10-16,-11.2,Макс. температура
3616,21813,2003-10-16,-18.0,Мин. температура
3616,21813,2003-10-19,-8.5,Макс. температура
3616,21813,2003-11-04,-15.6,Макс. температура
3616,21813,2003-11-08,-14.5,Макс. температура
3616,21813,2004-01-22,-28.6,Макс. температура
3616,21813,2004-02-18,-36.6,Мин. температура
3616,21813,2004-03-07,-39.5,Мин. температура
3616,21813,2004-03-27,-27.5,Макс. температура
3616,21813,2004-04-13,-22.0,Мин. температура
3616,21813,2004-04-30,,Макс. температура
3616,21813,2004-05-11,6.0,Макс. температура
3616,21813,2004-06-10,1.2,Мин. температура
3616,21813,2004-09-14,1.2,Мин. температура
3616,21813,2004-09-16,3.6,Макс. температура
3616,21813,2004-09-30,-3.0,Макс. температура
3616,21813,2004-10-02,-2.8,Макс. температура
3616,21813,2004-01-31,-45.0,Мин. температура
3616,21813,2004-03-27,-39.0,Мин. температура
3616,21813,2004-04-21,,Макс. температура
3616,21813,2004-05-29,,Макс. температура
3616,21813,2004-07-14,4.3,Мин. температура
3616,21813,2004-07-22,,Мин. температура
3616,21813,2004-09-13,2.6,Мин. температура
3616,21813,2004-10-10,-25.7,Мин. температура
3616,21813,2004-10-13,-26.3,Макс. температура
3616,21813,2004-10-31,,Макс. температура
3616,21813,2003-10-06,-8.0,Макс. температура
3616,21813,2003-11-23,-36.5,Мин. температура
3616,21813,2003-12-19,,Мин. температура
3616,21813,2004-01-04,-50.5,Мин. температура
3616,21813,2004-02-04,-49.1,Мин. температура
3616,21813,2004-03-08,-24.6,Макс. температура
3616,21813,2004-04-27,,Макс. температура
3616,21813,2004-05-18,,Мин. температура
3616,21813,2004-05-24,,Макс. температура
3616,21813,2004-06-21,,Мин. температура
3616,21813,2004-07-27,,Мин. температура
3616,21813,2004-08-17,2.2,Макс. температура
3616,21813,2004-08-23,,Мин. температура
3616,21813,2004-10-08,-13.3,Мин. температура
3616,21813,2004-11-05,-31.7,Мин. температура
3616,21813,2004-11-15,-38.0,Мин. температура
3616,21813,2004-12-03,-35.0,Макс. температура
3616,21813,2004-12-09,-41.0,Макс. температура
3616,21813,2003-12-05,-11.5,Макс. температура
3616,21813,2003-12-17,-47.8,Макс. температура
3616,21813,2003-12-26,,Мин. температура
3616,21813,2004-01-05,-50.3,Мин. температура
3616,21813,2004-04-11,-9.2,Макс. температура
3616,21813,2004-04-11,-18.8,Мин. температура
3616,21813,2004-05-18,,Макс. температура
3616,21813,2004-06-03,2.6,Макс. температура
3616,21813,2004-06-05,-0.6,Мин. температура
3616,21813,2004-07-05,23.0,Макс. температура
3616,21813,2004-08-10,1.8,Мин. температура
3616,21813,2004-08-20,,Макс. температура
3616,21813,2004-09-08,3.6,Макс. температура
3616,21813,2004-09-17,2.8,Мин. температура
3616,21813,2004-10-12,-13.1,Макс. температура
3616,21813,2004-10-14,-22.3,Макс. температура
3616,21813,2004-10-23,,Мин. температура
3616,21813,2004-10-30,,Мин. температура
3616,21813,2004-11-06,-15.3,Макс. температура
3616,21813,2004-11-29,,Макс. температура
3616,21813,2004-09-14,7.4,Макс. температура
3616,21813,2004-11-30,,Макс. температура
3616,21813,2004-06-30,,Макс. температура
3616,21813,2004-07-08,18.6,Макс. температура
3616,21813,2004-07-11,12.8,Макс. температура
3616,21813,2004-07-24,,Макс. температура
3616,21813,2004-10-20,,Мин. температура
3616,21813,2004-10-25,,Мин. температура
3616,21813,2004-11-11,-25.4,Макс. температура
3616,21813,2004-12-11,-20.5,Макс. температура
3616,21813,2004-12-28,,Макс. температура
3616,21813,2004-03-19,-35.4,Макс. температура
3616,21813,2004-04-09,-13.2,Макс. температура
3616,21813,2004-04-17,,Мин. температура
3616,21813,2004-04-24,,Мин. температура
3616,21813,2004-04-25,,Мин. температура
3616,21813,2004-04-26,,Мин. температура
3616,21813,2004-05-04,-23.2,Мин. температура
3616,21813,2004-05-16,-2.0,Мин. температура
3616,21813,2004-06-30,,Мин. температура
3616,21813,2004-07-09,15.1,Макс. температура
3616,21813,2004-08-12,6.2,Мин. температура
3616,21813,2004-09-12,4.8,Макс. температура
3616,21813,2004-10-11,-28.2,Мин. температура
3616,21813,2004-11-02,-12.4,Макс. температура
3616,21813,2004-11-17,,Макс. температура
3616,21813,2004-11-22,,Мин. температура
3616,21813,2004-12-10,-29.0,Макс. температура
3616,21813,2003-01-14,-45.5,Мин. температура
3616,21813,2003-02-15,-45.0,Мин. температура
3616,21813,2003-03-29,-20.2,Мин. температура
3616,21813,2003-04-04,-21.2,Макс. температура
3616,21813,2003-04-19,-23.2,Мин. температура
3616,21813,2003-08-15,5.6,Мин. температура
3616,21813,2003-08-17,9.0,Макс. температура
3616,21813,2003-08-20,8.6,Макс. температура
3616,21813,2003-09-12,3.0,Макс. температура
3616,21813,2003-09-21,4.9,Мин. температура
3616,21813,2003-10-11,-6.0,Макс. температура
3616,21813,2003-11-05,-34.4,Мин. температура
3616,21813,2003-11-17,-26.4,Мин. температура
3616,21813,2004-02-14,-50.0,Мин. температура
3616,21813,2004-02-29,-31.3,Мин. температура
3616,21813,2004-03-06,-32.3,Макс. температура
3616,21813,2004-03-11,-28.8,Мин. температура
3616,21813,2004-03-15,-35.0,Мин. температура
3616,21813,2004-03-30,-35.2,Мин. температура
3616,21813,2004-03-31,-35.6,Мин. температура
3616,21813,2004-04-08,-12.0,Макс. температура
3616,21813,2004-05-21,,Мин. температура
3616,21813,2004-07-30,,Макс. температура
3616,21813,2004-09-15,8.4,Макс. температура
3616,21813,2004-09-26,-7.6,Мин. температура
3616,21813,2004-10-07,-10.2,Мин. температура
3616,21813,2004-12-22,,Мин. температура
3616,21813,2004-12-31,,Макс. температура
3616,21813,2004-07-04,24.4,Макс. температура
3616,21813,2004-07-13,12.0,Макс. температура
3616,21813,2004-08-30,,Макс. температура
3616,21813,2004-10-05,-7.7,Макс. температура
3616,21813,2004-10-19,,Мин. температура
3616,21813,2004-11-09,-34.3,Мин. температура
3616,21813,2004-12-07,-38.0,Макс. температура
3616,21813,2004-12-26,,Мин. температура
3616,21813,2004-12-27,,Макс. температура
3616,21813,2004-12-27,,Мин. температура
3616,21813,2003-06-27,13.5,Мин. температура
3616,21813,2003-08-12,8.3,Макс. температура
3616,21813,2003-08-13,10.3,Макс. температура
3616,21813,2003-09-14,-2.8,Мин. температура
3616,21813,2003-11-10,-16.6,Макс. температура
3616,21813,2003-12-18,,Макс. температура
3616,21813,2004-01-24,-30.0,Макс. температура
3616,21813,2004-02-10,-48.2,Макс. температура
3616,21813,2004-02-21,-41.2,Макс. температура
3616,21813,2004-04-18,,Макс. температура
3616,21813,2004-05-22,,Макс. температура
3616,21813,2004-05-28,,Макс. температура
3616,21813,2004-07-10,14.5,Макс. температура
3616,21813,2004-07-29,,Мин. температура
3616,21813,2004-08-15,0.4,Мин. температура
3616,21813,2004-10-19,,Макс. температура
3616,21813,2004-11-22,,Макс. температура
3616,21813,2004-12-02,-41.3,Мин. температура
3616,21813,2004-12-16,-43.0,Макс. температура
3616,21813,2004-12-20,,Мин. температура
3616,21813,2004-11-08,-17.0,Макс. температура
3616,21813,2004-11-16,-23.1,Макс. температура
3616,21813,2004-10-05,-24.2,Мин. температура
3616,21813,2004-12-12,-8.0,Макс. температура
3616,21813,2004-07-15,0.2,Мин. температура
3616,21813,2004-07-26,,Макс. температура
3616,21813,2004-07-28,,Макс. температура
3616,21813,2004-08-16,1.6,Мин. температура
3616,21813,2004-08-18,,Мин. температура
3616,21813,2004-08-25,,Макс. температура
3616,21813,2004-08-30,,Мин. температура
3616,21813,2004-09-27,-8.8,Мин. температура
3616,21813,2004-10-17,-26.4,Макс. температура
3616,21813,2004-11-04,-34.0,Мин. температура
3616,21813,2004-11-19,,Мин. температура
3616,21813,2004-08-27,,Макс. температура
3616,21813,2004-10-29,,Мин. температура
3616,21813,2004-11-27,,Макс. температура
3616,21813,2004-12-14,-41.4,Мин. температура
3616,21813,2004-12-30,,Мин. температура
3616,21813,2004-09-07,0.2,Макс. температура
3616,21813,2004-11-26,,Мин. температура
3616,21813,2004-12-10,-44.2,Мин. температура
3616,21813,2004-12-15,-44.0,Мин. температура
3616,21813,2004-12-29,,Макс. температура
3616,21813,2003-08-29,7.3,Макс. температура
3616,21813,2003-10-20,-19.1,Макс. температура
3616,21813,2003-11-06,-25.3,Макс. температура
3616,21813,2003-11-13,-32.6,Мин. температура
3616,21813,2003-12-07,-35.2,Мин. температура
3616,21813,2004-03-16,-28.2,Макс. температура
3616,21813,2004-03-29,-38.5,Мин. температура
3616,21813,2004-04-13,-3.8,Макс. температура
3616,21813,2004-06-03,-5.0,Мин. температура
3616,21813,2004-09-02,-1.8,Мин. температура
3616,21813,2004-09-27,-4.2,Макс. температура
3616,21813,2004-10-07,-3.5,Макс. температура
3616,21813,2004-10-22,,Мин. температура
3616,21813,2004-11-12,-20.7,Макс. температура
3616,21813,2004-08-21,,Мин. температура
3616,21813,2004-09-16,1.8,Мин. температура
3616,21813,2004-09-20,0.2,Мин. температура
3616,21813,2004-10-04,-16.0,Мин. температура
3616,21813,2004-10-15,-19.3,Макс. температура
3616,21813,2004-11-10,-19.3,Макс. температура
3616,21813,2004-03-02,-27.5,Макс. температура
3616,21813,2004-03-28,-24.0,Макс. температура
3616,21813,2004-06-01,-3.2,Макс. температура
3616,21813,2004-06-07,1.0,Мин. температура
3616,21813,2004-06-14,2.4,Мин. температура
3616,21813,2004-07-10,4.8,Мин. температура
3616,21813,2004-07-25,,Макс. температура
3616,21813,2004-08-24,,Мин. температура
3616,21813,2004-09-04,-5.2,Мин. температура
3616,21813,2004-09-20,2.4,Макс. температура
3616,21813,2004-11-30,,Мин. температура
3616,21813,2004-12-13,-24.7,Мин. температура
3616,21813,2004-12-30,,Макс. температура
3616,21813,2003-06-05,7.4,Макс. температура
3616,21813,2003-07-04,4.3,Мин. температура
3616,21813,2003-07-15,13.2,Мин. температура
3616,21813,2003-07-17,9.3,Мин. температура
3616,21813,2003-07-31,4.3,Мин. температура
3616,21813,2003-08-01,19.1,Макс. температура
3616,21813,2003-08-07,21.7,Макс. температура
3616,21813,2003-08-14,11.7,Макс. температура
3616,21813,2003-08-19,4.0,Мин. температура
3616,21813,2003-09-22,7.1,Макс. температура
3616,21813,2003-11-15,-30.2,Мин. температура
3616,21813,2003-12-21,,Мин. температура
3616,21813,2003-12-23,,Мин. температура
3616,21813,2004-01-02,-47.5,Макс. температура
3616,21813,2004-01-15,-25.2,Макс. температура
3616,21813,2004-03-19,-39.5,Мин. температура
3616,21813,2004-03-21,-38.8,Мин. температура
3616,21813,2004-04-03,-23.0,Мин. температура
3616,21813,2004-04-06,-15.3,Макс. температура
3616,21813,2004-04-09,-21.5,Мин. температура
3616,21813,2004-05-29,,Мин. температура
3616,21813,2004-06-24,,Макс. температура
3616,21813,2004-09-22,2.0,Макс. температура
3616,21813,2004-10-13,-32.4,Мин. температура
3616,21813,2004-10-18,,Мин. температура
3616,21813,2004-11-24,,Макс. температура
3616,21813,2004-11-27,,Мин. температура
3616,21813,2004-12-04,-34.0,Макс. температура
3616,21813,2004-12-17,-43.0,Мин. температура
3616,21813,2004-01-28,-42.3,Мин. температура
3616,21813,2004-02-07,-54.2,Мин. температура
3616,21813,2004-03-18,-41.5,Мин. температура
3616,21813,2004-03-25,-22.6,Макс. температура
3616,21813,2004-04-03,-10.4,Макс. температура
3616,21813,2004-04-10,-11.2,Макс. температура
3616,21813,2004-05-09,-9.8,Мин. температура
3616,21813,2004-06-02,4.2,Макс. температура
3616,21813,2004-06-04,-4.1,Мин. температура
3616,21813,2004-06-05,8.6,Макс. температура
3616,21813,2004-06-20,,Макс. температура
3616,21813,2004-06-27,,Мин. температура
3616,21813,2004-07-09,5.6,Мин. температура
3616,21813,2004-07-19,,Мин. температура
3616,21813,2004-08-08,5.4,Мин. температура
3616,21813,2004-08-29,,Макс. температура
3616,21813,2004-08-31,,Мин. температура
3616,21813,2004-10-23,,Макс. температура
3616,21813,2004-11-05,-18.3,Макс. температура
3616,21813,2004-12-08,-46.2,Мин. температура
3616,21813,2004-12-14,-18.8,Макс. температура
3616,21813,2004-10-28,,Мин. температура
3616,21813,2004-11-23,,Макс. температура
3616,21813,2004-12-20,,Макс. температура
3616,21813,2004-03-17,-40.4,Мин. температура
3616,21813,2004-04-17,,Макс. температура
3616,21813,2004-05-03,-17.4,Мин. температура
3616,21813,2004-05-19,,Макс. температура
3616,21813,2004-07-17,8.2,Макс. температура
3616,21813,2004-08-14,10.6,Макс. температура
3616,21813,2004-08-25,,Мин. температура
3616,21813,2004-12-01,-33.1,Макс. температура
3616,21813,2003-02-06,-31.6,Макс. температура
3616,21813,2003-04-10,-14.0,Макс. температура
3616,21813,2003-05-02,-5.1,Макс. температура
3616,21813,2003-06-21,10.9,Макс. температура
3616,21813,2003-06-24,0.8,Мин. температура
3616,21813,2003-08-09,16.3,Макс. температура
3616,21813,2003-08-14,2.9,Мин. температура
3616,21813,2003-09-06,11.9,Макс. температура
3616,21813,2003-09-08,4.7,Макс. температура
3616,21813,2003-10-02,-8.1,Мин. температура
3616,21813,2003-10-10,-6.3,Макс. температура
3616,21813,2003-10-12,-6.2,Макс. температура
3616,21813,2004-01-16,-26.3,Макс. температура
3616,21813,2004-02-01,-43.3,Мин. температура
3616,21813,2004-02-16,-24.6,Макс. температура
3616,21813,2004-04-15,-5.2,Макс. температура
3616,21813,2004-05-30,,Макс. температура
3616,21813,2004-06-06,-3.7,Мин. температура
3616,21813,2004-06-11,0.9,Мин. температура
3616,21813,2004-07-16,8.0,Макс. температура
3616,21813,2004-07-21,,Мин. температура
3616,21813,2004-07-23,,Мин. температура
3616,21813,2004-08-27,,Мин. температура
3616,21813,2004-08-29,,Мин. температура
3616,21813,2004-10-10,-13.3,Макс. температура
3616,21813,2004-10-21,,Мин. температура
3616,21813,2004-10-22,,Макс. температура
3616,21813,2004-10-26,,Макс. температура
3616,21813,2004-12-07,-44.0,Мин. температура
3616,21813,2004-12-17,-40.6,Макс. температура
3616,21813,2004-12-18,,Макс. температура
3616,21813,2004-02-03,-34.2,Макс. температура
3616,21813,2004-07-01,4.6,Мин. температура
3616,21813,2004-08-03,15.2,Макс. температура
3616,21813,2004-08-07,6.4,Мин. температура
3616,21813,2004-08-28,,Мин. температура
3616,21813,2004-09-28,-2.0,Макс. температура
3616,21813,2004-09-29,-5.2,Мин. температура
3616,21813,2004-10-09,-11.2,Макс. температура
3616,21813,2004-11-01,-14.0,Мин. температура
3616,21813,2004-12-01,-36.1,Мин. температура
3616,21813,2004-12-25,,Макс. температура
